0,0.916151,0.097567,0.388777,-0.392746,0.412346,0.822023,-0.080108,-0.905788,0.416090,1,-2.196134,1.537420,-0.901502,1,0.916151,0.097567,0.388777,-0.392746,0.412346,0.822023,-0.080108,-0.905788,0.416090,1,-2.196134,1.767308,-0.901503,1,0.923150,0.090147,0.373721,-0.376919,0.403570,0.833705,-0.075666,-0.910497,0.406534,1,-2.227814,1.957510,-0.921611,1,0.135781,-0.105695,-0.985085,0.700313,0.713557,0.019968,0.700804,-0.692578,0.170907,1,-0.677735,-1.007275,-2.835023,1,0.040497,-0.052192,-0.997816,0.701828,0.712292,-0.008773,0.711194,-0.699940,0.065476,1,-0.702528,-1.028176,-2.929070,1,0.000004,-0.000001,1.000000,0.000004,-1.000000,-0.000001,1.000000,0.000004,-0.000004,1,0.284711,-1.345734,-2.483522,1,-0.000000,0.000027,1.000000,-0.000009,-1.000000,0.000027,1.000000,-0.000009,0.000000,1,0.600334,-1.345686,-2.483537,1,0.914669,0.222223,0.337635,-0.229724,-0.401493,0.886583,0.332578,-0.888493,-0.316184,1,-2.131441,0.580043,-2.501293,1,0.955217,0.239324,0.174024,-0.158991,-0.080901,0.983960,0.249564,-0.967563,-0.039228,1,-2.397313,1.371206,-2.074006,1,0.914669,0.222223,0.337635,-0.229724,-0.401493,0.886583,0.332578,-0.888493,-0.316184,1,-1.918609,0.597892,-2.477926,1,0.955217,0.239324,0.174024,-0.158991,-0.080901,0.983960,0.249564,-0.967563,-0.039228,1,-2.189245,1.417113,-2.046396,1,1.370835,0.830750,-2.845874,1,1.345741,0.915864,-2.483523,1,1.284531,1.470007,-3.099347,1,1.303899,1.550303,-2.901006,1
1,0.876662,-0.026654,0.480368,-0.429788,0.405317,0.806846,-0.216207,-0.913788,0.343870,1,-2.215390,1.601730,-0.575701,1,0.876662,-0.026654,0.480368,-0.429788,0.405317,0.806846,-0.216207,-0.913788,0.343870,1,-2.215390,1.833597,-0.575702,1,0.883228,-0.032805,0.467796,-0.419556,0.390331,0.819521,-0.209479,-0.920090,0.330987,1,-2.243399,2.030616,-0.604405,1,0.147074,-0.101440,-0.983910,0.779530,0.624188,0.052170,0.608853,-0.774661,0.170878,1,-0.678687,-1.303138,-2.682705,1,0.007704,-0.045508,-0.998934,0.782354,0.622434,-0.022323,0.622787,-0.781348,0.040399,1,-0.597070,-1.351720,-2.797970,1,0.000004,-0.000001,1.000000,0.000004,-1.000000,-0.000001,1.000000,0.000004,-0.000004,1,0.293143,-1.322994,-2.462444,1,0.000000,0.000026,1.000000,-0.000007,-1.000000,0.000026,1.000000,-0.000007,-0.000000,1,0.608764,-1.322950,-2.462456,1,0.929083,0.138866,0.342813,-0.303523,-0.243422,0.921205,0.211372,-0.959928,-0.184010,1,-2.296985,1.027898,-2.176366,1,0.984323,0.154862,0.084414,-0.079088,-0.040244,0.996055,0.157649,-0.987116,-0.027366,1,-2.702752,1.185579,-1.893141,1,0.929083,0.138866,0.342813,-0.303523,-0.243422,0.921205,0.211372,-0.959928,-0.184010,1,-2.079686,1.065919,-2.146967,1,0.984323,0.154862,0.084414,-0.079088,-0.040244,0.996055,0.157649,-0.987116,-0.027366,1,-2.501613,1.274025,-1.857796,1,1.386356,0.828374,-2.807088,1,1.323001,0.924297,-2.462445,1,1.383818,1.466799,-3.089302,1,1.376516,1.570909,-2.892740,1
2,0.502304,-0.782498,0.367950,-0.349359,0.205596,0.914154,-0.790973,-0.587730,-0.170101,1,-2.351139,1.194682,1.174396,1,0.502304,-0.782498,0.367950,-0.349359,0.205596,0.914154,-0.790973,-0.587730,-0.170101,1,-2.351140,1.415936,1.174395,1,0.495804,-0.778064,0.385740,-0.318740,0.250141,0.914240,-0.807826,-0.576234,-0.123979,1,-2.323740,1.640829,1.245437,1,0.104946,0.007958,-0.994446,0.673248,0.735403,0.076934,0.731931,-0.677583,0.071820,1,-0.436729,-0.643420,-3.011110,1,0.076481,-0.026328,-0.996723,0.808331,0.586887,0.046523,0.583739,-0.809241,0.066167,1,-0.729615,-1.256833,-2.816872,1,0.000004,-0.000001,1.000000,0.000004,-1.000000,-0.000001,1.000000,0.000004,-0.000004,1,0.290477,-1.317672,-2.526204,1,0.000001,0.000024,1.000000,-0.000004,-1.000000,0.000024,1.000000,-0.000004,-0.000001,1,0.606093,-1.317636,-2.526213,1,0.843803,0.524518,0.113480,-0.039589,-0.150044,0.987886,0.535191,-0.838074,-0.105842,1,-1.437727,0.488916,-2.941373,1,0.958202,0.285564,0.017364,0.004767,-0.076620,0.997049,0.286052,-0.955292,-0.074778,1,-2.241503,0.971296,-2.386402,1,0.999080,0.042770,-0.003187,0.010802,-0.179013,0.983787,0.041506,-0.982917,-0.179310,1,-2.645278,0.400755,-1.698159,1,0.989037,-0.147525,-0.006534,0.000309,-0.042181,0.999110,-0.147670,-0.988158,-0.041673,1,-2.888088,1.121153,-1.031308,1,1.569437,0.796899,-2.740190,1,1.317679,0.921630,-2.526204,1,1.529650,1.570662,-2.823606,1,1.378304,1.645665,-2.703643,1
3,0.444285,-0.859496,0.252740,-0.260175,0.146169,0.954434,-0.857275,-0.489797,-0.158679,1,-2.361909,0.905172,1.480171,1,0.444285,-0.859496,0.252740,-0.260175,0.146169,0.954434,-0.857275,-0.489797,-0.158679,1,-2.361911,1.132329,1.480171,1,0.437610,-0.855346,0.277274,-0.257923,0.175999,0.950000,-0.861379,-0.487245,-0.143594,1,-2.332263,1.409649,1.498400,1,0.053081,0.013972,-0.998492,0.370706,0.928174,0.032695,0.927232,-0.371883,0.044089,1,-0.324707,0.502895,-3.074993,1,0.064463,-0.015895,-0.997793,0.691305,0.721802,0.033164,0.719682,-0.691917,0.057518,1,-0.712981,-0.700373,-3.019840,1,0.000004,-0.000001,1.000000,0.000004,-1.000000,-0.000001,1.000000,0.000004,-0.000004,1,0.292307,-1.332564,-2.541162,1,0.000002,0.000023,1.000000,-0.000003,-1.000000,0.000023,1.000000,-0.000003,-0.000002,1,0.607921,-1.332532,-2.541169,1,0.600618,0.794895,0.086028,-0.007754,-0.101801,0.994775,0.799499,-0.598146,-0.054979,1,-0.307419,0.519407,-3.251318,1,0.861026,0.508091,0.021841,0.011650,-0.062641,0.997968,0.508427,-0.859022,-0.059855,1,-1.566618,1.014141,-2.861277,1,0.829170,0.558126,0.031172,0.040284,-0.115280,0.992516,0.557543,-0.821709,-0.118070,1,-1.391375,0.449582,-2.790802,1,0.984116,0.177525,0.000278,0.006066,-0.035196,0.999362,0.177422,-0.983487,-0.035714,1,-2.379176,1.144808,-1.903283,1,1.600308,0.829356,-2.723797,1,1.332570,0.923460,-2.541163,1,1.569328,1.612254,-2.786429,1,1.392873,1.675165,-2.669311,1
4,0.434944,-0.867925,0.239854,-0.249031,0.140037,0.958318,-0.865336,-0.476546,-0.155232,1,-2.356458,0.870171,1.520170,1,0.434944,-0.867925,0.239854,-0.249031,0.140037,0.958318,-0.865336,-0.476546,-0.155232,1,-2.356460,1.098445,1.520169,1,0.429031,-0.864306,0.262502,-0.250256,0.165498,0.953930,-0.867931,-0.474958,-0.145294,1,-2.329973,1.378518,1.531791,1,0.026523,0.009691,-0.999601,0.193457,0.980999,0.014644,0.980750,-0.193768,0.024144,1,-0.265414,1.064884,-2.937250,1,0.043923,-0.004859,-0.999023,0.480513,0.876826,0.016862,0.875887,-0.480784,0.040848,1,-0.650894,0.126311,-3.107949,1,0.000004,-0.000001,1.000000,0.000004,-1.000000,-0.000001,1.000000,0.000004,-0.000004,1,0.292951,-1.338029,-2.546125,1,0.000002,0.000022,1.000000,-0.000001,-1.000000,0.000022,1.000000,-0.000001,-0.000002,1,0.608605,-1.337593,-2.545707,1,0.324021,0.944801,0.048595,0.004312,-0.052840,0.998594,0.946040,-0.323356,-0.021195,1,0.690545,0.579978,-3.180317,1,0.686095,0.727168,0.022356,0.015132,-0.044986,0.998873,0.727354,-0.684984,-0.041868,1,-0.700226,1.045626,-3.183832,1,0.479521,0.876992,0.030740,0.035071,-0.054154,0.997916,0.876829,-0.477444,-0.056725,1,0.013523,0.564163,-3.094328,1,0.849479,0.527596,0.005284,0.009521,-0.025340,0.999634,0.527536,-0.849118,-0.026549,1,-1.505860,1.158402,-2.657320,1,1.609710,0.840693,-2.703967,1,1.337625,0.924147,-2.545702,1,1.603786,1.625643,-2.773352,1,1.420787,1.684473,-2.665583,1
5,0.433769,-0.868954,0.238251,-0.247638,0.139265,0.958791,-0.866325,-0.474894,-0.154777,1,-2.355726,0.865778,1.525128,1,0.433769,-0.868954,0.238251,-0.247638,0.139265,0.958791,-0.866325,-0.474894,-0.154777,1,-2.355727,1.094206,1.525127,1,0.427949,-0.865400,0.260657,-0.249308,0.164180,0.954406,-0.868737,-0.473421,-0.145491,1,-2.329631,1.374640,1.535942,1,0.013344,0.005610,-0.999895,0.099562,0.995007,0.006911,0.994942,-0.099643,0.012718,1,-0.237330,1.338313,-2.826068,1,0.032349,-0.001367,-0.999476,0.357420,0.933887,0.010291,0.933383,-0.357566,0.030699,1,-0.614966,0.549095,-3.066555,1,0.000004,-0.000001,1.000000,0.000004,-1.000000,-0.000001,1.000000,0.000004,-0.000004,1,0.293327,-1.338198,-2.546048,1,0.000003,0.000021,1.000000,0.000000,-1.000000,0.000021,1.000000,0.000000,-0.000003,1,0.608936,-1.338175,-2.546052,1,0.168116,0.985430,0.025767,0.004394,-0.026888,0.999629,0.985757,-0.167940,-0.008850,1,1.176406,0.624469,-3.025550,1,0.523667,0.851698,0.019555,0.014492,-0.031857,0.999387,0.851800,-0.523063,-0.029025,1,-0.038195,1.070626,-3.258203,1,0.253103,0.967247,0.019311,0.021371,-0.025546,0.999445,0.967203,-0.252550,-0.027137,1,0.744727,0.644697,-2.986647,1,0.674228,0.738494,0.006602,0.009603,-0.017706,0.999797,0.738461,-0.674028,-0.019029,1,-0.728515,1.170603,-2.973976,1,1.610570,0.841555,-2.696113,1,1.338203,0.924481,-2.546049,1,1.622836,1.627581,-2.773096,1,1.437606,1.686127,-2.671653,1
6,0.435769,-0.868438,0.236476,-0.246284,0.137656,0.959372,-0.865708,-0.476305,-0.153896,1,-2.360244,0.860034,1.521561,1,0.435769,-0.868438,0.236476,-0.246284,0.137656,0.959372,-0.865708,-0.476305,-0.153896,1,-2.360246,1.088512,1.521560,1,0.429020,-0.864318,0.262483,-0.250246,0.165484,0.953935,-0.867939,-0.474942,-0.145296,1,-2.329976,1.378950,1.531568,1,0.006760,0.003040,-0.999973,0.051048,0.998690,0.003381,0.998673,-0.051069,0.006596,1,-0.223727,1.473145,-2.758975,1,0.023666,0.000173,-0.999720,0.263349,0.964679,0.006401,0.964410,-0.263427,0.022784,1,-0.589157,0.850192,-3.000502,1,0.000004,-0.000001,1.000000,0.000004,-1.000000,-0.000001,1.000000,0.000004,-0.000004,1,0.293455,-1.338259,-2.546029,1,0.000003,0.000021,1.000000,0.000001,-1.000000,0.000021,1.000000,0.000001,-0.000003,1,0.609063,-1.338240,-2.546032,1,0.069117,0.997551,0.010734,0.002351,-0.010922,0.999938,0.997606,-0.069088,-0.003100,1,1.461670,0.656806,-2.891426,1,0.353742,0.935228,0.014681,0.011529,-0.020055,0.999732,0.935272,-0.353478,-0.017876,1,0.572235,1.098665,-3.203226,1,0.104564,0.994480,0.008747,0.009543,-0.009798,0.999906,0.994472,-0.104471,-0.010515,1,1.175673,0.699896,-2.831637,1,0.466605,0.884446,0.005958,0.007827,-0.010865,0.999910,0.884431,-0.466517,-0.011992,1,0.041429,1.185597,-3.064542,1,1.610430,0.841547,-2.691226,1,1.338264,0.924609,-2.546029,1,1.636109,1.627981,-2.775448,1,1.448387,1.686519,-2.678135,1
7,0.433854,-0.869023,0.237843,-0.247323,0.138971,0.958915,-0.866373,-0.474854,-0.154636,1,-2.356160,0.864589,1.525312,1,0.433854,-0.869023,0.237843,-0.247323,0.138971,0.958915,-0.866373,-0.474854,-0.154636,1,-2.356162,1.093061,1.525311,1,0.427938,-0.865411,0.260638,-0.249299,0.164166,0.954411,-0.868746,-0.473405,-0.145493,1,-2.329628,1.374655,1.535954,1,0.003440,0.001599,-0.999993,0.026146,0.999657,0.001689,0.999652,-0.026152,0.003397,1,-0.217345,1.541610,-2.722188,1,0.017260,0.000750,-0.999851,0.193069,0.981177,0.004068,0.981033,-0.193111,0.016790,1,-0.571291,1.065267,-2.934230,1,0.000004,-0.000001,1.000000,0.000004,-1.000000,-0.000001,1.000000,0.000004,-0.000004,1,0.293065,-1.338414,-2.546432,1,0.000003,0.000021,1.000000,0.000002,-1.000000,0.000021,1.000000,0.000002,-0.000003,1,0.608671,-1.338396,-2.546434,1,0.035404,0.999358,0.005522,0.001300,-0.005572,0.999984,0.999372,-0.035396,-0.001496,1,1.554713,0.668910,-2.839277,1,0.260524,0.965401,0.011357,0.009135,-0.014228,0.999857,0.965424,-0.260383,-0.012526,1,0.879503,1.115357,-3.128443,1,0.053597,0.998552,0.004616,0.005016,-0.004892,0.999975,0.998550,-0.053572,-0.005271,1,1.315037,0.719170,-2.764357,1,0.346545,0.938020,0.004931,0.006244,-0.007564,0.999952,0.938012,-0.346498,-0.008478,1,0.441102,1.194604,-3.032113,1,1.611191,0.841791,-2.688212,1,1.338419,0.924218,-2.546432,1,1.641204,1.628377,-2.776715,1,1.451847,1.686478,-2.680942,1
8,0.435761,-0.868451,0.236443,-0.246274,0.137626,0.959379,-0.865714,-0.476290,-0.153905,1,-2.360256,0.859971,1.521593,1,0.435761,-0.868451,0.236443,-0.246274,0.137626,0.959379,-0.865714,-0.476290,-0.153905,1,-2.360258,1.088473,1.521592,1,0.429008,-0.864329,0.262464,-0.250237,0.165471,0.953940,-0.867948,-0.474926,-0.145298,1,-2.329972,1.378914,1.531609,1,0.001754,0.000831,-0.999998,0.013387,0.999910,0.000854,0.999909,-0.013388,0.001743,1,-0.213902,1.575570,-2.702588,1,0.012572,0.000877,-0.999921,0.141170,0.989982,0.002644,0.989905,-0.141192,0.012323,1,-0.558377,1.217777,-2.876105,1,0.000004,-0.000001,1.000000,0.000004,-1.000000,-0.000001,1.000000,0.000004,-0.000004,1,0.293475,-1.338280,-2.546043,1,0.000003,0.000021,1.000000,0.000002,-1.000000,0.000021,1.000000,0.000002,-0.000003,1,0.609082,-1.338263,-2.546044,1,0.018127,0.999832,0.002834,0.000692,-0.002847,0.999996,0.999835,-0.018125,-0.000744,1,1.601903,0.674780,-2.811892,1,0.190948,0.981562,0.008612,0.007036,-0.010142,0.999924,0.981575,-0.190872,-0.008843,1,1.097782,1.127664,-3.055440,1,0.027447,0.999620,0.002399,0.002603,-0.002471,0.999994,0.999620,-0.027441,-0.002670,1,1.385630,0.729275,-2.727329,1,0.255126,0.966900,0.003897,0.004824,-0.005303,0.999974,0.966896,-0.255101,-0.006017,1,0.728445,1.201808,-2.975243,1,1.610904,0.841653,-2.686143,1,1.338285,0.924629,-2.546043,1,1.644608,1.628088,-2.778325,1,1.454498,1.686578,-2.682869,1
9,0.433834,-0.869028,0.237862,-0.247351,0.138981,0.958907,-0.866375,-0.474842,-0.154660,1,-2.356115,0.864673,1.525330,1,0.433834,-0.869028,0.237862,-0.247351,0.138981,0.958907,-0.866375,-0.474842,-0.154660,1,-2.356116,1.093167,1.525329,1,0.427927,-0.865423,0.260619,-0.249289,0.164153,0.954415,-0.868754,-0.473390,-0.145495,1,-2.329625,1.374612,1.535998,1,0.000895,0.000427,-1.000000,0.006853,0.999976,0.000433,0.999976,-0.006853,0.000892,1,-0.212437,1.593596,-2.692476,1,0.009154,0.000815,-0.999958,0.103077,0.994672,0.001754,0.994631,-0.103089,0.009021,1,-0.549516,1.327670,-2.828975,1,0.000004,-0.000001,1.000000,0.000004,-1.000000,-0.000001,1.000000,0.000004,-0.000004,1,0.293078,-1.338432,-2.546447,1,0.000003,0.000021,1.000000,0.000003,-1.000000,0.000021,1.000000,0.000003,-0.000003,1,0.608684,-1.338416,-2.546448,1,0.009280,0.999956,0.001453,0.000363,-0.001456,0.999999,0.999957,-0.009279,-0.000376,1,1.625588,0.678305,-2.797024,1,0.139596,0.990187,0.006448,0.005325,-0.007263,0.999959,0.990194,-0.139556,-0.006287,1,1.252825,1.137523,-2.991681,1,0.014052,0.999901,0.001237,0.001343,-0.001256,0.999998,0.999900,-0.014050,-0.001361,1,1.420724,0.734334,-2.707472,1,0.186957,0.982364,0.002996,0.003655,-0.003745,0.999986,0.982361,-0.186943,-0.004291,1,0.932967,1.207128,-2.915873,1,1.611537,0.841854,-2.684850,1,1.338437,0.924232,-2.546447,1,1.646419,1.628416,-2.778927,1,1.455366,1.686484,-2.683909,1
10,0.434085,-0.869179,0.236849,-0.246463,0.138301,0.959234,-0.866502,-0.474763,-0.154186,1,-2.357248,0.861422,1.525898,1,0.434085,-0.869179,0.236849,-0.246463,0.138301,0.959234,-0.866502,-0.474763,-0.154186,1,-2.357249,1.089888,1.525897,1,0.427927,-0.865422,0.260619,-0.249289,0.164153,0.954416,-0.868754,-0.473390,-0.145495,1,-2.329625,1.374612,1.535998,1,0.000571,0.000274,-1.000000,0.004384,0.999990,0.000276,0.999990,-0.004385,0.000570,1,-0.211719,1.600403,-2.688696,1,0.007408,0.000733,-0.999972,0.083544,0.996503,0.001349,0.996477,-0.083552,0.007321,1,-0.544877,1.383043,-2.803341,1,0.028684,-0.027339,0.999215,0.547100,-0.836178,-0.038583,0.836576,0.547777,-0.009027,1,0.183262,-2.523393,-1.399811,1,0.175624,0.400448,0.899332,0.514501,-0.816178,0.262949,0.839312,0.416527,-0.349371,1,0.665555,-2.220030,-1.800230,1,0.005938,0.999982,0.000930,0.000235,-0.000932,1.000000,0.999982,-0.005937,-0.000240,1,1.634576,0.679562,-2.791497,1,0.113197,0.993558,0.005292,0.004393,-0.005827,0.999973,0.993563,-0.113171,-0.005024,1,1.330717,1.142534,-2.956151,1,0.008992,0.999959,0.000794,0.000863,-0.000802,0.999999,0.999959,-0.008991,-0.000870,1,1.434080,0.736322,-2.699903,1,0.151741,0.988417,0.002490,0.003017,-0.002982,0.999991,0.988416,-0.151732,-0.003434,1,1.035929,1.209996,-2.880053,1,1.611811,0.841761,-2.684289,1,1.341581,0.672834,-2.530591,1,1.647344,1.628458,-2.779430,1,1.455946,1.686523,-2.684447,1
11,0.434100,-0.869220,0.236674,-0.246607,0.138026,0.959236,-0.866454,-0.474770,-0.154439,1,-2.357394,0.861391,1.525702,1,0.434100,-0.869220,0.236674,-0.246607,0.138026,0.959236,-0.866454,-0.474770,-0.154439,1,-2.357396,1.089704,1.525701,1,0.427905,-0.865445,0.260581,-0.249270,0.164125,0.954425,-0.868770,-0.473358,-0.145499,1,-2.329618,1.374524,1.536088,1,0.000232,0.000113,-1.000000,0.001794,0.999998,0.000113,0.999998,-0.001794,0.000231,1,-0.210914,1.607346,-2.684591,1,0.004853,0.000551,-0.999988,0.054850,0.998494,0.000816,0.998483,-0.054853,0.004815,1,-0.538170,1.463004,-2.763652,1,0.794113,-0.322069,0.515418,-0.322039,-0.942190,-0.092574,0.515437,-0.092470,-0.851924,1,-2.302023,-0.467913,-1.685779,1,0.978857,-0.126211,-0.160965,-0.151415,-0.976183,-0.155370,-0.137522,0.176457,-0.974654,1,-2.537507,-0.965399,0.076095,1,0.003038,0.999995,0.000476,0.000123,-0.000477,1.000000,0.999995,-0.003038,-0.000124,1,1.642590,0.680578,-2.787081,1,0.082600,0.996575,0.003915,0.003269,-0.004199,0.999986,0.996577,-0.082586,-0.003605,1,1.419612,1.148311,-2.912919,1,0.004602,0.999989,0.000408,0.000444,-0.000410,1.000000,0.999989,-0.004602,-0.000446,1,1.446106,0.738374,-2.693449,1,0.110819,0.993839,0.001867,0.002246,-0.002129,0.999995,0.993838,-0.110814,-0.002468,1,1.153602,1.213669,-2.834253,1,1.611935,0.841612,-2.683354,1,1.241855,0.440590,-2.082529,1,1.648557,1.628418,-2.780417,1,1.457007,1.686881,-2.685182,1
12,0.049346,-0.509780,0.858889,-0.623648,0.655968,0.425170,-0.780146,-0.556625,-0.285554,1,-0.664789,2.293020,1.146343,1,0.049346,-0.509780,0.858889,-0.623648,0.655968,0.425170,-0.780146,-0.556625,-0.285554,1,-0.664793,2.704900,1.146339,1,0.427905,-0.865445,0.260581,-0.249270,0.164125,0.954425,-0.868770,-0.473358,-0.145499,1,-2.329618,1.374525,1.536088,1,0.000147,0.000073,-1.000000,0.001147,0.999999,0.000073,0.999999,-0.001147,0.000147,1,-0.210746,1.609073,-2.683567,1,0.003928,0.000467,-0.999992,0.044435,0.999012,0.000641,0.999005,-0.044438,0.003903,1,-0.535822,1.491688,-2.748713,1,0.696529,-0.505007,0.509720,-0.716392,-0.449486,0.533615,-0.040367,-0.736838,-0.674863,1,-2.300017,1.378992,-1.080926,1,0.578065,-0.810647,0.093226,-0.716392,-0.449486,0.533615,-0.390670,-0.375251,-0.840574,1,-2.265138,1.378992,0.089243,1,0.001554,0.999999,0.000244,0.000065,-0.000244,1.000000,0.999999,-0.001554,-0.000065,1,1.646352,0.681330,-2.784221,1,0.060246,0.998179,0.002883,0.002419,-0.003035,0.999992,0.998181,-0.060238,-0.002597,1,1.483167,1.152813,-2.878965,1,0.002354,0.999997,0.000209,0.000230,-0.000209,1.000000,0.999997,-0.002354,-0.000230,1,1.451550,0.739039,-2.689895,1,0.080863,0.996724,0.001388,0.001662,-0.001528,0.999997,0.996724,-0.080861,-0.001780,1,1.237332,1.215913,-2.797429,1,1.611973,0.841609,-2.683034,1,1.041185,0.465956,-2.231096,1,1.648994,1.628627,-2.780462,1,1.456924,1.686677,-2.685419,1
13,-0.181395,0.287195,-0.940540,-0.805110,0.505830,0.309732,0.564707,0.813422,0.139468,1,0.529904,2.215603,-0.450433,1,-0.181395,0.287195,-0.940540,-0.805110,0.505830,0.309732,0.564707,0.813422,0.139468,1,0.529904,2.478998,-0.450432,1,-0.232439,0.333232,-0.913744,-0.558125,0.723699,0.405902,0.796535,0.604331,0.017769,1,0.703075,2.381224,-1.236927,1,0.110171,-0.254562,-0.960760,0.957975,0.284782,0.034396,0.264852,-0.924174,0.275238,1,-0.836989,-1.920617,-1.432166,1,-0.017516,0.197957,-0.980054,0.958673,0.281717,0.039769,0.283971,-0.938855,-0.194711,1,-0.369390,-1.922114,-1.790722,1,0.422961,-0.096036,0.901045,-0.443815,-0.888890,0.113591,0.790020,-0.447942,-0.418587,1,-1.049388,0.095995,-2.398445,1,0.689171,-0.501967,0.522563,-0.673302,-0.710144,0.205814,0.267783,-0.493684,-0.827386,1,-1.896142,0.833833,-1.417603,1,-0.967903,0.061641,0.243648,0.221623,-0.247846,0.943110,0.118522,0.966836,0.226230,1,2.704993,-0.445644,1.106536,1,-0.921741,-0.331099,0.201910,0.263636,-0.153149,0.952387,-0.284412,0.931085,0.228453,1,2.069099,0.057849,2.063554,1,0.000962,1.000000,0.000086,0.000096,-0.000086,1.000000,1.000000,-0.000962,-0.000096,1,1.411222,0.305835,-2.633701,1,0.053086,0.998590,0.000927,0.001105,-0.000987,0.999999,0.998589,-0.053085,-0.001156,1,1.272689,0.784549,-2.704510,1,1.004496,0.941808,-2.339225,1,0.901106,0.518567,-2.030311,1,1.156343,1.386271,-2.356473,1,1.413240,1.252927,-2.631752,1
14,-0.049514,0.344674,-0.937416,-0.775916,0.577706,0.253398,0.628890,0.739902,0.238833,1,0.270086,2.149808,-0.704514,1,-0.049514,0.344674,-0.937416,-0.775916,0.577706,0.253398,0.628890,0.739902,0.238833,1,0.270086,2.398218,-0.704513,1,-0.069728,0.366299,-0.927881,-0.502882,0.790404,0.349817,0.861538,0.491006,0.129092,1,0.339404,2.225105,-1.502321,1,0.128978,-0.217112,-0.967588,0.794365,0.606688,-0.030244,0.593590,-0.764717,0.250716,1,-0.814243,-1.296261,-1.973681,1,0.008818,0.200542,-0.979645,0.910988,0.402366,0.090568,0.412339,-0.893244,-0.179143,1,-0.451128,-1.690767,-1.946790,1,0.228113,-0.023479,0.973352,-0.240540,-0.970079,0.032973,0.943454,-0.241651,-0.226935,1,-0.515705,-0.423184,-2.450965,1,0.602550,-0.326932,0.728045,-0.545105,-0.834895,0.076230,0.582919,-0.442793,-0.681278,1,-1.435908,0.415215,-1.998031,1,-0.687720,-0.637487,0.347349,0.691133,-0.428463,0.582026,-0.222208,0.640335,0.735251,1,1.086506,-2.051084,1.728895,1,-0.688102,-0.637237,0.347052,0.690229,-0.427288,0.583959,-0.223829,0.641369,0.733857,1,1.087411,-1.573575,1.732607,1,0.000491,1.000000,0.000044,0.000051,-0.000044,1.000000,1.000000,-0.000491,-0.000051,1,1.372547,0.250570,-2.564977,1,0.038707,0.999250,0.000682,0.000812,-0.000714,0.999999,0.999250,-0.038707,-0.000839,1,1.273989,0.730343,-2.616132,1,0.904902,0.946714,-2.349767,1,0.904334,0.577206,-2.066080,1,0.896445,0.995417,-1.908425,1,1.373452,1.197479,-2.563888,1
15,0.007478,0.283649,-0.958899,-0.710264,0.676509,0.194577,0.703896,0.679617,0.206524,1,0.060235,2.019576,-0.963978,1,0.007478,0.283649,-0.958899,-0.710264,0.676509,0.194577,0.703896,0.679617,0.206524,1,0.060235,2.259243,-0.963978,1,-0.011300,0.306987,-0.951647,-0.497113,0.824041,0.271726,0.867612,0.476147,0.143295,1,0.125206,2.156119,-1.530416,1,0.107175,-0.126822,-0.986118,0.553477,0.831549,-0.046789,0.825940,-0.540779,0.159315,1,-0.680314,-0.567971,-2.302696,1,-0.010879,0.165750,-0.986108,0.800737,0.592111,0.090692,0.598917,-0.788627,-0.139164,1,-0.458548,-1.269435,-2.189763,1,0.147514,-0.008554,0.989023,-0.155824,-0.987675,0.014699,0.976708,-0.156282,-0.147029,1,-0.313834,-0.592697,-2.400107,1,0.523268,-0.243208,0.816725,-0.457537,-0.888734,0.028489,0.718923,-0.388590,-0.576323,1,-1.129279,0.186439,-2.191296,1,-0.706580,-0.612175,0.354945,0.680639,-0.450726,0.577561,-0.193585,0.649683,0.735144,1,1.165879,-2.040870,1.624970,1,-0.706684,-0.612103,0.354863,0.680419,-0.450439,0.578044,-0.193978,0.649950,0.734805,1,1.166126,-1.562313,1.625874,1,-0.685856,0.229067,0.690746,0.620087,-0.312863,0.719450,0.380911,0.921762,0.072538,1,2.195836,-1.830404,0.281557,1,-0.768477,0.266794,0.581605,0.528709,-0.247236,0.811998,0.360430,0.931502,0.048939,1,2.390768,-1.206105,0.331838,1,0.846957,0.952970,-2.319550,1,0.883727,0.603626,-2.086459,1,0.839906,0.970776,-1.890146,1,1.178391,0.646619,-2.212557,1
16,-0.755435,0.046598,-0.653565,-0.360010,0.803895,0.473440,0.547459,0.592943,-0.590515,1,1.534326,1.348739,-0.848278,1,-0.755435,0.046598,-0.653565,-0.360010,0.803895,0.473440,0.547459,0.592943,-0.590515,1,1.534326,1.561732,-0.848277,1,-0.723491,-0.009101,-0.690274,-0.500196,0.696051,0.515089,0.475778,0.717934,-0.508140,1,1.409892,2.027153,-0.569045,1,0.052985,-0.044331,-0.997611,0.237091,0.971007,-0.030557,0.970042,-0.234905,0.061959,1,-0.491648,0.299678,-2.182297,1,-0.024937,0.108716,-0.993760,0.572039,0.816790,0.075001,0.819847,-0.566599,-0.082558,1,-0.513459,-0.459593,-2.242537,1,0.060759,-0.000690,0.998152,-0.064295,-0.997926,0.003224,0.996080,-0.064372,-0.060677,1,-0.011573,-0.672583,-2.351280,1,0.370973,-0.134913,0.918791,-0.309774,-0.950699,-0.014524,0.875454,-0.279230,-0.394477,1,-0.549002,-0.081850,-2.401083,1,-0.689255,-0.389909,0.610654,0.697193,-0.586233,0.412618,0.197102,0.710143,0.675906,1,1.509022,-2.110696,0.713897,1,-0.689270,-0.389896,0.610645,0.697184,-0.586219,0.412652,0.197081,0.710161,0.675892,1,1.509057,-1.649730,0.713947,1,-0.355052,0.377447,0.855261,0.683662,-0.519146,0.512926,0.637608,0.766825,-0.073723,1,1.684848,-2.070874,-0.725604,1,-0.358413,0.380003,0.852724,0.681485,-0.517785,0.517181,0.638058,0.766483,-0.073386,1,1.692746,-1.599203,-0.726662,1,0.805107,0.974524,-2.080770,1,0.779767,0.733881,-2.163277,1,0.625952,0.906159,-1.740632,1,0.684507,0.899236,-1.857713,1
17,-0.919937,-0.272601,0.281788,0.030518,0.666756,0.744651,-0.390876,0.693632,-0.605054,1,1.818982,0.419955,1.138978,1,-0.919937,-0.272601,0.281788,0.030518,0.666756,0.744651,-0.390876,0.693632,-0.605054,1,1.818982,0.644990,1.138978,1,-0.920572,-0.312767,0.233933,-0.010224,0.618039,0.786081,-0.390440,0.721252,-0.572147,1,1.776691,0.945776,1.168060,1,0.028468,-0.021130,-0.999371,0.122039,0.992371,-0.017505,0.992117,-0.121464,0.030829,1,-0.338723,0.524375,-2.024381,1,-0.024850,0.078124,-0.996634,0.429310,0.901166,0.059936,0.902815,-0.426375,-0.055934,1,-0.470612,-0.104868,-2.137457,1,0.031130,0.000136,0.999515,-0.032959,-0.999456,0.001163,0.998972,-0.032979,-0.031109,1,0.270593,-0.600319,-2.274206,1,0.278514,-0.087905,0.956401,-0.227361,-0.973532,-0.023270,0.933133,-0.210968,-0.291129,1,-0.054161,-0.164581,-2.417843,1,-0.718680,0.304214,0.625262,0.354698,-0.613035,0.705958,0.598070,0.729137,0.332672,1,2.228759,-0.922207,-0.253415,1,-0.751946,-0.025992,0.658712,0.518346,-0.640680,0.566432,0.407301,0.767368,0.495230,1,2.073834,-0.912468,0.302352,1,-0.339011,0.722286,0.602806,0.426916,-0.452868,0.782722,0.838340,0.522698,-0.154829,1,1.895503,-0.888852,-1.431168,1,-0.366516,0.572538,0.733394,0.549984,-0.502467,0.667117,0.750456,0.647863,-0.130724,1,1.967033,-0.815167,-1.128034,1,0.755442,0.896805,-1.955214,1,0.680670,0.914222,-2.149442,1,0.465390,1.261807,-1.668684,1,0.571804,1.355850,-1.760582,1
18,-0.862120,-0.356181,0.360394,0.039686,0.661603,0.748803,-0.505147,0.659861,-0.556246,1,1.676576,0.342475,1.314622,1,-0.862120,-0.356181,0.360394,0.039686,0.661603,0.748803,-0.505147,0.659861,-0.556246,1,1.676576,0.576543,1.314622,1,-0.861918,-0.352007,0.364951,0.025808,0.688367,0.724904,-0.506391,0.634226,-0.584231,1,1.680262,0.853626,1.291982,1,0.014899,-0.010386,-0.999835,0.062535,0.997998,-0.009435,0.997932,-0.062384,0.015518,1,-0.283665,0.581353,-1.987286,1,-0.021597,0.056006,-0.998197,0.317714,0.947057,0.046263,0.947941,-0.316142,-0.038247,1,-0.479779,0.077447,-2.100043,1,0.015942,0.000198,0.999873,-0.016880,-0.999857,0.000467,0.999730,-0.016885,-0.015936,1,0.326738,-0.558617,-2.237408,1,0.206540,-0.058218,0.976705,-0.165897,-0.985859,-0.023682,0.964272,-0.157141,-0.213277,1,0.169192,-0.236242,-2.376169,1,-0.455966,0.798505,0.393045,0.106490,-0.389504,0.914848,0.883603,0.458995,0.092567,1,1.979088,-0.029891,-1.242719,1,-0.693408,0.395602,0.602233,0.309162,-0.591610,0.744591,0.650849,0.702493,0.287922,1,2.332094,-0.294753,-0.374948,1,0.218029,0.660112,0.718830,0.872657,-0.461640,0.159244,0.436959,0.592572,-0.676702,1,0.663618,-2.208861,-0.844076,1,0.298171,0.590938,0.749590,0.898720,-0.438360,-0.011911,0.321552,0.677224,-0.661795,1,0.494096,-1.921572,-0.565748,1,0.692720,0.877817,-1.948934,1,0.595460,0.986827,-2.145306,1,0.559012,1.422583,-1.808779,1,0.562909,0.762546,-1.375540,1
19,-0.858016,-0.354706,0.371472,0.017177,0.703019,0.710964,-0.513335,0.616399,-0.597109,1,1.678290,0.333411,1.242642,1,-0.858016,-0.354706,0.371472,0.017177,0.703019,0.710964,-0.513335,0.616399,-0.597109,1,1.678290,0.569325,1.242642,1,-0.857843,-0.342725,0.382942,0.003672,0.741045,0.671446,-0.513898,0.577401,-0.634442,1,1.688056,0.845611,1.210857,1,0.007708,-0.005200,-0.999957,0.032014,0.999475,-0.004951,0.999458,-0.031974,0.007870,1,-0.244130,0.561476,-1.950352,1,-0.017556,0.040193,-0.999038,0.233422,0.971746,0.034993,0.972217,-0.232583,-0.026442,1,-0.481869,0.175883,-2.041878,1,0.008164,0.000135,0.999967,-0.008642,-0.999963,0.000206,0.999929,-0.008644,-0.008163,1,0.328514,-0.497879,-2.210166,1,0.152114,-0.039218,0.987585,-0.120759,-0.992464,-0.020811,0.980958,-0.116094,-0.155704,1,0.298790,-0.261207,-2.321651,1,-0.245386,0.301367,0.921392,0.332416,-0.866670,0.371998,0.910651,0.397569,0.112490,1,1.299158,-1.276882,-1.362048,1,-0.245388,0.301371,0.921391,0.332419,-0.866667,0.372003,0.910650,0.397573,0.112488,1,1.299162,-0.845333,-1.362045,1,-0.245386,0.301367,0.921392,0.332416,-0.866670,0.371998,0.910651,0.397569,0.112490,1,1.387929,-1.247102,-1.530765,1,-0.255507,0.313075,0.914713,0.395625,-0.829419,0.394392,0.882155,0.462653,0.088062,1,1.434347,-0.868852,-1.419631,1,0.613776,0.856817,-1.930094,1,0.504683,0.973655,-2.152447,1,0.223023,0.883711,-1.702214,1,0.127992,1.027356,-1.778961,1
20,-0.851168,-0.375719,0.366535,-0.001712,0.700287,0.713859,-0.524890,0.606987,-0.596705,1,1.654086,0.297462,1.187739,1,-0.851168,-0.375719,0.366535,-0.001712,0.700287,0.713859,-0.524890,0.606987,-0.596705,1,1.654086,0.533974,1.187739,1,-0.851327,-0.364729,0.377114,-0.019054,0.739832,0.672521,-0.524290,0.565350,-0.636789,1,1.662560,0.814365,1.155635,1,0.003965,-0.002631,-0.999989,0.016387,0.999862,-0.002566,0.999858,-0.016376,0.004008,1,-0.228348,0.499021,-1.905915,1,-0.013744,0.028914,-0.999487,0.170845,0.984951,0.026144,0.985202,-0.170398,-0.018477,1,-0.493244,0.213041,-1.971981,1,0.004182,0.000079,0.999991,-0.004423,-0.999990,0.000098,0.999981,-0.004424,-0.004181,1,0.329009,-0.406429,-2.169345,1,0.111589,-0.026838,0.993392,-0.087837,-0.995989,-0.017041,0.989865,-0.085355,-0.113499,1,0.396555,-0.235390,-2.252569,1,-0.334538,0.661888,0.670812,-0.006607,-0.713455,0.700670,0.942359,0.229969,0.243051,1,1.599030,-0.213013,-1.502706,1,-0.334538,0.661888,0.670811,-0.006606,-0.713455,0.700670,0.942359,0.229969,0.243051,1,1.599029,0.243828,-1.502706,1,0.386626,0.596736,0.703155,0.810676,-0.583410,0.049368,0.439687,0.550944,-0.709321,1,0.094075,-2.156302,-0.958252,1,0.386122,0.597101,0.703122,0.810799,-0.583185,0.049995,0.439902,0.550786,-0.709310,1,0.095122,-1.686871,-0.958703,1,0.522478,0.850405,-1.895287,1,0.407610,0.967093,-2.129599,1,0.225449,1.186034,-1.955542,1,0.249507,0.685107,-1.387057,1
21,-0.823079,-0.435504,0.364524,-0.037015,0.681622,0.730768,-0.566720,0.587987,-0.577148,1,1.580113,0.298372,1.183494,1,-0.823079,-0.435504,0.364524,-0.037015,0.681622,0.730768,-0.566720,0.587987,-0.577148,1,1.580113,0.534273,1.183494,1,-0.823953,-0.422533,0.377580,-0.057881,0.725600,0.685678,-0.563694,0.543112,-0.622317,1,1.590379,0.817339,1.147980,1,0.002034,-0.001339,-0.999997,0.008387,0.999964,-0.001321,0.999963,-0.008385,0.002045,1,-0.228364,0.422427,-1.864623,1,-0.010515,0.020854,-0.999727,0.124798,0.991993,0.019380,0.992127,-0.124560,-0.013033,1,-0.510690,0.213330,-1.909141,1,0.002143,0.000043,0.999998,-0.002263,-0.999997,0.000048,0.999995,-0.002263,-0.002143,1,0.338212,-0.300644,-2.122026,1,0.081671,-0.018621,0.996485,-0.063890,-0.997867,-0.013411,0.994609,-0.062570,-0.082687,1,0.477179,-0.178207,-2.182055,1,-0.221263,0.823982,0.521629,-0.009542,-0.536690,0.843725,0.975168,0.181708,0.126612,1,1.352270,0.089086,-1.671186,1,-0.276548,0.723254,0.632792,0.009099,-0.656472,0.754296,0.960957,0.214357,0.174965,1,1.516984,0.388036,-1.580051,1,-0.273401,0.729716,0.626711,0.007768,-0.649838,0.760033,0.961869,0.212662,0.171998,1,1.502452,0.010308,-1.771370,1,-0.304163,0.662299,0.684723,0.022353,-0.713618,0.700178,0.952358,0.228274,0.202252,1,1.599146,0.376150,-1.714456,1,0.432200,0.855050,-1.858801,1,0.299605,0.972778,-2.094164,1,0.153807,1.255388,-1.919875,1,0.068150,1.336524,-2.100399,1
22,-0.770649,-0.495621,0.400575,-0.024496,0.651165,0.758541,-0.636789,0.574756,-0.513961,1,1.495467,0.209105,1.251264,1,-0.770649,-0.495621,0.400575,-0.024496,0.651165,0.758541,-0.636789,0.574756,-0.513961,1,1.495468,0.444822,1.251264,1,-0.771389,-0.481399,0.416190,-0.045509,0.694069,0.718468,-0.634735,0.535278,-0.557306,1,1.505306,0.723670,1.223955,1,0.001041,-0.000684,-0.999999,0.004292,0.999991,-0.000679,0.999990,-0.004291,0.001044,1,-0.230067,0.335287,-1.840090,1,-0.007925,0.015075,-0.999855,0.091068,0.995742,0.014291,0.995813,-0.090941,-0.009264,1,-0.523660,0.182366,-1.867779,1,0.001099,0.000023,0.999999,-0.001157,-0.999999,0.000024,0.999999,-0.001157,-0.001099,1,0.356523,-0.189524,-2.082077,1,0.059691,-0.013068,0.998131,-0.046484,-0.998866,-0.010297,0.997134,-0.045783,-0.060231,1,0.546389,-0.101935,-2.124559,1,-0.266701,0.278685,0.922608,0.322531,-0.876278,0.357926,0.908209,0.393029,0.143820,1,1.232127,-0.970516,-1.384001,1,-0.266701,0.278686,0.922608,0.322531,-0.876278,0.357926,0.908209,0.393029,0.143820,1,1.232127,-0.500195,-1.384001,1,-0.266701,0.278685,0.922608,0.322531,-0.876278,0.357926,0.908209,0.393029,0.143820,1,1.330433,-0.901025,-1.563097,1,-0.266701,0.278686,0.922608,0.322531,-0.876278,0.357926,0.908209,0.393029,0.143820,1,1.330433,-0.418380,-1.563097,1,0.338803,0.859017,-1.836702,1,0.187831,0.989360,-2.062283,1,-0.158542,0.920550,-1.601046,1,-0.283611,1.019015,-1.759711,1
23,-0.724831,-0.534885,0.434187,0.005370,0.625831,0.779940,-0.688906,0.567657,-0.450749,1,1.428856,0.109301,1.317133,1,-0.724831,-0.534885,0.434187,0.005370,0.625831,0.779940,-0.688906,0.567657,-0.450749,1,1.428856,0.344572,1.317133,1,-0.724978,-0.524337,0.446630,-0.023336,0.666770,0.744899,-0.688377,0.529613,-0.495629,1,1.434917,0.636020,1.295274,1,0.000665,-0.000438,-1.000000,0.002746,0.999996,-0.000436,0.999996,-0.002745,0.000666,1,-0.226551,0.276382,-1.827831,1,-0.006527,0.012157,-0.999905,0.073791,0.997206,0.011642,0.997252,-0.073708,-0.007405,1,-0.525386,0.152298,-1.847168,1,0.000705,0.000015,1.000000,-0.000739,-1.000000,0.000016,0.999999,-0.000739,-0.000705,1,0.364222,-0.115078,-2.055545,1,0.048408,-0.010373,0.998774,-0.037610,-0.999256,-0.008556,0.998119,-0.037150,-0.048762,1,0.579721,-0.045061,-2.088666,1,-0.194905,0.189075,0.962425,0.385371,-0.887568,0.252412,0.901943,0.420087,0.100128,1,1.052693,-1.078839,-1.389398,1,-0.194905,0.189075,0.962425,0.385371,-0.887568,0.252412,0.901943,0.420087,0.100128,1,1.052693,-0.600542,-1.389398,1,-0.194905,0.189075,0.962425,0.385371,-0.887568,0.252412,0.901943,0.420087,0.100128,1,1.154558,-1.014367,-1.568397,1,-0.194905,0.189075,0.962425,0.385371,-0.887568,0.252412,0.901943,0.420087,0.100128,1,1.154557,-0.531721,-1.568397,1,0.277806,0.856327,-1.825368,1,0.113341,0.996426,-2.039707,1,-0.259796,0.838517,-1.512536,1,-0.380525,0.937057,-1.665705,1
24,-0.839172,-0.381871,0.387253,0.041240,0.665309,0.745428,-0.542300,0.641513,-0.542560,1,1.693342,-0.044203,0.929382,1,-0.839172,-0.381871,0.387253,0.041240,0.665309,0.745428,-0.542300,0.641513,-0.542560,1,1.693342,0.189583,0.929382,1,-0.839202,-0.382778,0.386291,0.004146,0.705805,0.708394,-0.543804,0.596088,-0.590726,1,1.693050,0.490835,0.914721,1,0.000270,-0.000180,-1.000000,0.001122,0.999999,-0.000180,0.999999,-0.001122,0.000271,1,-0.232598,0.133842,-1.785334,1,-0.004385,0.007922,-0.999959,0.048430,0.998797,0.007701,0.998817,-0.048394,-0.004763,1,-0.538738,0.053536,-1.792407,1,0.000291,0.000006,1.000000,-0.000301,-1.000000,0.000006,1.000000,-0.000301,-0.000291,1,0.352967,-0.014900,-2.049244,1,0.031813,-0.006602,0.999472,-0.024632,-0.999680,-0.005819,0.999190,-0.024434,-0.031966,1,0.603496,0.031063,-2.069155,1,-0.240746,0.197031,0.950379,0.298621,-0.916645,0.265683,0.923508,0.347765,0.161841,1,1.087762,-0.803615,-1.432792,1,-0.240746,0.197031,0.950379,0.298621,-0.916645,0.265683,0.923508,0.347765,0.161841,1,1.087762,-0.323436,-1.432792,1,-0.240746,0.197031,0.950379,0.298621,-0.916645,0.265683,0.923508,0.347765,0.161841,1,1.193869,-0.760009,-1.614517,1,-0.240746,0.197031,0.950379,0.298621,-0.916645,0.265683,0.923508,0.347765,0.161841,1,1.193869,-0.277364,-1.614517,1,0.133451,0.863223,-1.783950,1,0.013444,0.984541,-2.039009,1,-0.410696,0.838633,-1.543781,1,-0.480901,0.907900,-1.648332,1
25,-0.953728,-0.191147,0.232091,0.016937,0.736530,0.676193,-0.300195,0.648835,-0.699212,1,1.885909,-0.089086,0.367505,1,-0.953728,-0.191147,0.232091,0.016937,0.736530,0.676193,-0.300195,0.648835,-0.699212,1,1.885909,0.142772,0.367505,1,-0.953664,-0.187139,0.235593,0.006954,0.769111,0.639078,-0.300793,0.611104,-0.732172,1,1.886691,0.388871,0.360144,1,0.000137,-0.000093,-1.000000,0.000573,1.000000,-0.000093,1.000000,-0.000573,0.000137,1,-0.240482,0.011514,-1.756588,1,-0.003236,0.005755,-0.999978,0.035307,0.999361,0.005637,0.999371,-0.035288,-0.003437,1,-0.550048,-0.046325,-1.757907,1,0.000151,0.000003,1.000000,-0.000152,-1.000000,0.000003,1.000000,-0.000152,-0.000151,1,0.314011,0.046617,-2.056524,1,0.023211,-0.004735,0.999719,-0.017938,-0.999830,-0.004319,0.999570,-0.017833,-0.023292,1,0.582207,0.080463,-2.069397,1,-0.301088,0.241339,0.922551,0.262532,-0.909080,0.323497,0.916746,0.339600,0.210354,1,1.161087,-0.659403,-1.408482,1,-0.301088,0.241339,0.922551,0.262532,-0.909080,0.323497,0.916746,0.339600,0.210354,1,1.161087,-0.177868,-1.408482,1,-0.301088,0.241339,0.922551,0.262532,-0.909080,0.323497,0.916746,0.339600,0.210354,1,1.269046,-0.634891,-1.593456,1,-0.301088,0.241339,0.922551,0.262532,-0.909080,0.323497,0.916746,0.339600,0.210354,1,1.269046,-0.152246,-1.593456,1,0.010762,0.871379,-1.755639,1,-0.047789,0.945377,-2.049115,1,-0.457319,0.867119,-1.565955,1,-0.518345,0.936442,-1.761028,1
26,-0.976266,-0.110592,0.186211,0.041629,0.747942,0.662457,-0.212537,0.654486,-0.725586,1,1.916442,-0.198280,0.129427,1,-0.976266,-0.110592,0.186211,0.041629,0.747942,0.662457,-0.212537,0.654486,-0.725586,1,1.916442,0.030544,0.129427,1,-0.976101,-0.107366,0.188945,0.036427,0.776302,0.629308,-0.214245,0.621150,-0.753838,1,1.916566,0.265965,0.128145,1,0.000068,-0.000048,-1.000000,0.000292,1.000000,-0.000048,1.000000,-0.000292,0.000068,1,-0.253597,-0.088030,-1.743697,1,-0.002380,0.004184,-0.999988,0.025739,0.999660,0.004122,0.999666,-0.025729,-0.002487,1,-0.565268,-0.130002,-1.742343,1,0.000079,0.000002,1.000000,-0.000076,-1.000000,0.000002,1.000000,-0.000076,-0.000079,1,0.312729,0.121426,-2.050662,1,0.016931,-0.003411,0.999851,-0.013067,-0.999910,-0.003189,0.999771,-0.013011,-0.016974,1,0.594068,0.146048,-2.059243,1,-0.223517,0.775353,0.590650,0.060502,-0.593776,0.802353,0.972821,0.215075,0.085809,1,0.942601,0.179177,-1.616460,1,-0.295275,0.562651,0.772164,0.125855,-0.778250,0.615213,0.947087,0.278838,0.158985,1,1.242037,0.372099,-1.502777,1,0.225283,0.693022,0.684812,0.712292,-0.596718,0.369550,0.664746,0.404533,-0.628065,1,0.140952,-1.343641,-1.597662,1,0.291782,0.624063,0.724851,0.753320,-0.616909,0.227888,0.589383,0.479551,-0.650122,1,0.064491,-1.046793,-1.492759,1,-0.088808,0.884624,-1.743014,1,-0.122338,0.943989,-2.045283,1,-0.370950,1.234559,-1.684770,1,-0.311115,0.882575,-1.306077,1
27,-0.951573,-0.206970,0.227316,0.017749,0.701204,0.712740,-0.306911,0.682258,-0.663573,1,1.890748,-0.193722,0.254290,1,-0.951573,-0.206970,0.227316,0.017749,0.701204,0.712740,-0.306911,0.682258,-0.663573,1,1.890748,0.035443,0.254290,1,-0.951417,-0.199476,0.234554,0.012197,0.736757,0.676047,-0.307665,0.646063,-0.698530,1,1.891081,0.266387,0.252681,1,0.000033,-0.000025,-1.000000,0.000147,1.000000,-0.000025,1.000000,-0.000147,0.000033,1,-0.249500,-0.161885,-1.727003,1,-0.001747,0.003044,-0.999994,0.018763,0.999819,0.003010,0.999822,-0.018757,-0.001803,1,-0.562495,-0.192291,-1.724727,1,0.000042,0.000000,1.000000,-0.000037,-1.000000,0.000000,1.000000,-0.000037,-0.000042,1,0.323107,0.224418,-2.026169,1,0.012349,-0.002465,0.999921,-0.009519,-0.999952,-0.002348,0.999878,-0.009490,-0.012372,1,0.614251,0.242120,-2.031678,1,-0.120201,0.939384,0.321105,0.012871,-0.321948,0.946670,0.992666,0.117924,0.026608,1,0.567846,0.470444,-1.715976,1,-0.230742,0.758704,0.609202,0.065524,-0.612560,0.787704,0.970806,0.221674,0.091630,1,1.057267,0.688257,-1.607449,1,0.127726,0.775373,0.618452,0.664631,-0.529752,0.526904,0.736173,0.343743,-0.583001,1,0.244715,-1.051083,-1.777673,1,0.236057,0.659110,0.714038,0.764695,-0.579399,0.282025,0.599599,0.479448,-0.640789,1,0.164279,-0.945603,-1.619251,1,-0.162571,0.880591,-1.726499,1,-0.225113,0.954312,-2.022258,1,-0.260046,1.404495,-1.728977,1,-0.389071,1.019095,-1.300344,1
