0,0.535890,0.843533,-0.035699,-0.001809,0.043430,0.999055,0.844286,-0.535319,0.024800,1,-0.943340,-0.084986,-4.138103,1,0.535890,0.843533,-0.035699,-0.001809,0.043430,0.999055,0.844286,-0.535319,0.024800,1,-0.943340,0.158903,-4.138103,1,0.535153,0.844722,0.007480,-0.032322,0.011627,0.999410,0.844137,-0.535079,0.033526,1,-0.934816,0.476764,-4.136381,1,0.052030,0.169303,-0.984190,-0.731802,-0.664136,-0.152934,-0.679528,0.728189,0.089341,1,-0.081763,2.122007,3.723218,1,-0.087739,0.265678,-0.960061,-0.600050,-0.783397,-0.161952,-0.795136,0.561876,0.228155,1,0.356297,1.430275,4.038779,1,-0.101464,0.419157,0.902226,-0.609554,-0.742925,0.276598,0.786224,-0.521891,0.330879,1,1.134896,1.247279,-3.862129,1,0.349347,0.061469,0.934975,-0.609554,-0.742925,0.276598,0.711618,-0.666547,-0.222069,1,-0.907850,1.247280,-4.030616,1,0.773955,0.632518,-0.030234,0.018724,0.024865,0.999515,0.632963,-0.774146,0.007401,1,-2.323387,0.527740,-3.611100,1,0.840177,0.533848,-0.095442,0.001622,0.173516,0.984830,0.542310,-0.827586,0.144918,1,-2.794578,1.265270,-3.169934,1,-0.722915,0.689626,0.042540,0.016630,-0.044183,0.998885,0.690737,0.722816,0.020472,1,3.954087,0.461569,-1.621080,1,-0.716287,0.693732,-0.075291,-0.098586,0.006209,0.995109,0.690807,0.720206,0.063945,1,3.805849,1.482606,-1.578011,1,1.164525,0.633109,-4.074797,1,1.723062,0.678635,-3.838313,1,1.431599,1.510442,-4.064221,1,1.515742,1.532977,-4.006439,1
1,0.533123,0.845580,-0.027817,-0.045354,0.061396,0.997083,0.844821,-0.530306,0.071082,1,-0.930591,0.106812,-4.116858,1,0.533123,0.845580,-0.027817,-0.045354,0.061396,0.997083,0.844821,-0.530306,0.071082,1,-0.930591,0.347237,-4.116858,1,0.531982,0.846748,-0.003786,-0.049413,0.035508,0.998147,0.845313,-0.530809,0.060730,1,-0.922472,0.567950,-4.120355,1,0.010183,0.168688,-0.985617,-0.628638,-0.765446,-0.137500,-0.777632,0.620996,0.098249,1,0.095263,1.573106,3.972482,1,-0.134777,0.272566,-0.952650,-0.531226,-0.831455,-0.162734,-0.836441,0.484139,0.256855,1,0.572598,1.085785,4.095541,1,-0.078938,0.387666,0.918414,-0.609309,-0.747929,0.263333,0.788993,-0.538811,0.295249,1,0.983859,1.234622,-3.894521,1,0.240624,0.135112,0.961169,-0.610626,-0.748676,0.258109,0.754478,-0.649021,-0.097646,1,-0.348964,1.236530,-4.095354,1,0.890388,0.451401,-0.058709,0.069956,-0.008253,0.997516,0.449795,-0.892283,-0.038926,1,-3.053681,0.263905,-3.050321,1,0.889266,0.455081,-0.045904,-0.089745,0.272012,0.958100,0.448500,-0.847886,0.282732,1,-3.030687,1.739392,-2.645526,1,-0.726843,0.686661,0.014033,-0.004255,-0.024934,0.999680,0.686791,0.726550,0.021045,1,3.931914,0.538967,-1.593964,1,-0.719915,0.687199,-0.097366,-0.102402,0.033584,0.994176,0.686467,0.725692,0.046193,1,3.788954,1.494594,-1.567714,1,1.154159,0.616223,-4.039122,1,1.726663,0.679464,-3.854814,1,1.460021,1.490788,-4.078278,1,1.531578,1.496903,-4.003550,1
2,0.488815,0.870426,-0.058466,0.005082,0.064176,0.997926,0.872373,-0.488098,0.026947,1,-0.713344,-0.099577,-4.151362,1,0.488815,0.870426,-0.058466,0.005082,0.064176,0.997926,0.872373,-0.488098,0.026947,1,-0.713343,0.170697,-4.151362,1,0.488050,0.872812,0.002416,-0.030167,0.014102,0.999445,0.872294,-0.487852,0.033213,1,-0.700830,0.480749,-4.150074,1,-0.016756,0.229327,-0.973205,-0.300580,-0.929474,-0.213847,-0.953609,0.288943,0.084505,1,0.262729,0.012341,4.237828,1,-0.164337,0.302204,-0.938971,-0.305778,-0.920628,-0.242784,-0.937813,0.247218,0.243700,1,0.695970,0.033760,4.180171,1,-0.128807,0.405068,0.905168,-0.581285,-0.770359,0.262022,0.803441,-0.492410,0.334687,1,1.223665,1.085928,-3.859062,1,0.298652,0.097554,0.949363,-0.581285,-0.770359,0.262022,0.756912,-0.630103,-0.173362,1,-0.668726,1.085928,-4.089172,1,0.868518,0.495455,-0.014178,0.007661,0.015183,0.999855,0.495599,-0.868501,0.009391,1,-2.857556,0.570589,-3.148073,1,0.855055,0.513664,0.070924,-0.190678,0.184274,0.964202,0.482206,-0.837969,0.255509,1,-2.688658,2.038116,-2.792168,1,-0.756670,0.651489,-0.054885,-0.076047,-0.004324,0.997095,0.649359,0.758646,0.052816,1,3.931646,0.872605,-1.368769,1,-0.758324,0.651412,-0.024632,-0.043102,-0.012401,0.998994,0.650451,0.758623,0.037481,1,3.969786,1.198792,-1.389202,1,1.119470,0.646590,-3.994231,1,1.705436,0.656468,-3.832374,1,1.419180,1.505299,-4.121833,1,1.513427,1.354374,-3.978893,1
3,0.511961,0.857860,-0.044404,0.017650,0.041176,0.998996,0.858828,-0.512230,0.005940,1,-0.835912,-0.172058,-4.109775,1,0.511961,0.857860,-0.044404,0.017650,0.041176,0.998996,0.858828,-0.512230,0.005940,1,-0.835912,0.065396,-4.109775,1,0.512072,0.858386,-0.030915,-0.001115,0.036657,0.999327,0.858942,-0.511693,0.019728,1,-0.834571,0.374596,-4.108403,1,-0.095680,0.177093,-0.979532,-0.329509,-0.934202,-0.136711,-0.939292,0.309684,0.147739,1,0.526534,0.152280,4.194465,1,-0.124404,0.286314,-0.950025,-0.343136,-0.910802,-0.229560,-0.931011,0.297430,0.211552,1,0.478084,0.199416,4.170998,1,-0.086346,0.393325,0.915336,-0.592353,-0.758996,0.270266,0.801038,-0.518865,0.298523,1,1.003552,1.151102,-3.874822,1,0.237685,0.044169,0.970338,-0.615632,-0.765851,0.185660,0.751334,-0.641500,-0.154839,1,-0.485997,1.198451,-4.056715,1,0.876432,0.468874,-0.109655,0.121934,0.004199,0.992529,0.465831,-0.883255,-0.053492,1,-2.964130,0.075461,-3.059588,1,0.815860,0.557795,0.152441,-0.332696,0.237179,0.912721,0.472955,-0.795368,0.379081,1,-2.334481,2.578952,-2.521376,1,-0.740030,0.671589,-0.036388,-0.031735,0.019176,0.999312,0.671825,0.740676,0.007122,1,3.875855,0.708931,-1.502170,1,-0.728689,0.674221,-0.120160,-0.164999,-0.002552,0.986290,0.664671,0.738526,0.113105,1,3.748348,1.667493,-1.367234,1,1.104775,0.684591,-3.971574,1,1.677076,0.686180,-3.826031,1,1.402657,1.379690,-4.078141,1,1.512531,1.312084,-3.960864,1
4,0.500987,0.862716,-0.068794,0.041371,0.055525,0.997600,0.864465,-0.502630,-0.007874,1,-0.788902,-0.243202,-4.078274,1,0.500987,0.862716,-0.068794,0.041371,0.055525,0.997600,0.864465,-0.502630,-0.007874,1,-0.788901,0.019457,-4.078274,1,0.500436,0.865703,0.011051,-0.055145,0.019134,0.998295,0.864016,-0.500192,0.057315,1,-0.774202,0.588802,-4.066272,1,-0.076261,0.147764,-0.986078,-0.325032,-0.938622,-0.115516,-0.942623,0.311697,0.119608,1,0.406706,0.138081,4.190770,1,-0.145659,0.282326,-0.948196,-0.342798,-0.913448,-0.219321,-0.928048,0.293094,0.229833,1,0.556723,0.199480,4.152433,1,-0.056983,0.394059,0.917317,-0.589931,-0.754541,0.287488,0.805441,-0.524772,0.275463,1,0.887472,1.152378,-3.884724,1,0.267938,0.054920,0.961870,-0.612396,-0.761024,0.214041,0.743761,-0.646395,-0.170274,1,-0.592297,1.201617,-4.010801,1,0.644359,0.761888,-0.065793,0.170692,-0.059429,0.983531,0.745430,-0.644977,-0.168342,1,-1.625485,-0.203946,-3.911515,1,0.644359,0.761888,-0.065793,-0.286450,0.320240,0.902991,0.709047,-0.563004,0.424592,1,-1.625485,2.465712,-3.049177,1,-0.740488,0.668923,-0.064957,-0.067825,0.021779,0.997459,0.668638,0.743012,0.029243,1,3.835598,0.853210,-1.475532,1,-0.736425,0.668607,-0.103170,-0.119896,0.021101,0.992562,0.665811,0.743317,0.064624,1,3.779480,1.533173,-1.427216,1,1.099110,0.694794,-3.955188,1,1.663119,0.677448,-3.792108,1,1.360618,1.300239,-3.998646,1,1.504509,1.323360,-3.951655,1
5,0.623568,0.781769,0.000212,-0.095460,0.075873,0.992538,0.775919,-0.618935,0.121940,1,-1.388709,0.315843,-3.841314,1,0.623568,0.781769,0.000212,-0.095460,0.075873,0.992538,0.775919,-0.618935,0.121940,1,-1.388709,0.546738,-3.841314,1,0.623717,0.778541,-0.069653,0.091214,0.016007,0.995703,0.776310,-0.627390,-0.061031,1,-1.398762,-0.020177,-3.867644,1,-0.037874,0.179341,-0.983058,-0.469421,-0.871655,-0.140933,-0.882162,0.456130,0.117200,1,0.283938,0.814618,4.089348,1,-0.083881,0.180904,-0.979917,-0.467854,-0.875406,-0.121562,-0.879816,0.448262,0.158066,1,0.162173,0.811574,4.086809,1,0.104449,0.316345,0.942877,-0.672950,-0.675581,0.301212,0.732277,-0.665970,0.142320,1,0.124476,1.587142,-3.744085,1,0.116972,0.054710,0.991627,-0.706283,-0.697375,0.121788,0.698199,-0.714615,-0.042932,1,0.041214,1.606723,-3.766271,1,0.602003,0.787635,-0.131238,0.527847,-0.269220,0.805542,0.599142,-0.554212,-0.577822,1,-1.449578,-1.957658,-3.370262,1,0.602003,0.787635,-0.131238,-0.289994,0.368795,0.883116,0.743973,-0.493580,0.450425,1,-1.449578,2.293636,-2.902975,1,-0.620155,0.761511,-0.188436,-0.190201,0.087081,0.977876,0.761073,0.642275,0.090837,1,3.332401,1.377118,-1.912913,1,-0.614211,0.757898,-0.219853,-0.194634,0.124500,0.972943,0.764763,0.640383,0.071043,1,3.272664,1.909342,-1.949774,1,1.092894,0.702366,-3.962065,1,1.590661,0.714430,-3.722285,1,1.260669,1.204322,-3.794767,1,1.512650,1.310240,-3.944860,1
6,0.549404,0.833951,-0.051776,-0.027605,0.080049,0.996409,0.835101,-0.546001,0.067000,1,-1.034805,0.067719,-3.875766,1,0.549404,0.833951,-0.051776,-0.027605,0.080049,0.996409,0.835101,-0.546001,0.067000,1,-1.034805,0.300122,-3.875766,1,0.549454,0.833764,-0.054210,-0.013792,0.073923,0.997169,0.835410,-0.547151,0.052117,1,-1.035464,0.480509,-3.879796,1,0.191428,0.035382,-0.980869,-0.371851,-0.922239,-0.105839,-0.908340,0.384998,-0.163386,1,-0.806754,0.388781,3.968186,1,0.085872,0.190961,-0.977834,-0.364881,-0.907243,-0.209219,-0.927086,0.374759,-0.008229,1,-0.537781,0.334425,4.096475,1,0.165290,0.254096,0.952950,-0.631871,-0.714601,0.300141,0.757244,-0.651751,0.042440,1,-0.176100,1.367683,-3.737446,1,0.312895,-0.032255,0.949240,-0.670453,-0.715407,0.196690,0.672748,-0.697963,-0.245472,1,-0.809940,1.465910,-3.613936,1,0.472294,0.877054,-0.087830,0.651794,-0.280426,0.704646,0.593383,-0.390047,-0.704102,1,-0.812790,-2.463649,-3.186744,1,0.472294,0.877054,-0.087830,-0.204355,0.205881,0.957002,0.857425,-0.434037,0.276467,1,-0.812790,1.816085,-3.303491,1,-0.671156,0.686434,-0.279925,-0.282538,0.112245,0.952667,0.685363,0.718477,0.118609,1,3.328691,1.760280,-1.500189,1,-0.683037,0.703192,-0.197437,-0.110922,0.167315,0.979644,0.721912,0.691033,-0.036283,1,3.483844,1.678824,-1.841121,1,1.067012,0.740132,-3.993911,1,1.489724,0.703493,-3.569655,1,1.169596,1.243330,-3.661653,1,1.508738,1.318083,-3.928283,1
7,0.602662,0.796153,-0.054214,-0.032349,0.092256,0.995210,0.797341,-0.598021,0.081354,1,-1.299798,0.104525,-3.686357,1,0.602662,0.796153,-0.054214,-0.032349,0.092256,0.995210,0.797341,-0.598021,0.081354,1,-1.299798,0.337054,-3.686357,1,0.602428,0.796717,-0.048184,-0.044756,0.093991,0.994566,0.796917,-0.596998,0.092281,1,-1.297608,0.626290,-3.682389,1,0.207246,0.028459,-0.977875,-0.422000,-0.899195,-0.115606,-0.882590,0.436622,-0.174345,1,-0.875141,0.641703,3.829722,1,0.199293,0.089851,-0.975812,-0.412181,-0.895730,-0.166658,-0.889038,0.435425,-0.141478,1,-1.108710,0.584758,3.867975,1,0.156794,0.269401,0.950178,-0.683959,-0.664418,0.301245,0.712471,-0.697117,0.080083,1,-0.118031,1.631053,-3.509932,1,0.348999,-0.051293,0.935718,-0.713055,-0.662435,0.229638,0.608073,-0.747362,-0.267764,1,-0.934964,1.708396,-3.351651,1,0.544436,0.831643,-0.109359,0.500595,-0.217532,0.837905,0.673048,-0.510931,-0.534748,1,-1.182727,-1.670266,-3.479617,1,0.544436,0.831643,-0.109359,-0.065749,0.172286,0.982850,0.836221,-0.527909,0.148479,1,-1.182727,1.390310,-3.405715,1,-0.614519,0.719356,-0.323873,-0.346769,0.122444,0.929924,0.708602,0.683765,0.174206,1,3.038679,1.981557,-1.599923,1,-0.598292,0.698202,-0.393141,-0.241051,0.311082,0.919305,0.764160,0.644780,-0.017815,1,2.875431,2.307897,-2.065845,1,1.030482,0.766725,-3.968063,1,1.404991,0.709945,-3.472479,1,1.100522,1.256395,-3.601077,1,1.494664,1.326736,-3.933637,1
8,0.602470,0.796329,-0.053757,-0.033431,0.092471,0.995154,0.797441,-0.597753,0.082333,1,-1.314544,0.093518,-3.557935,1,0.602470,0.796329,-0.053757,-0.033431,0.092471,0.995154,0.797441,-0.597753,0.082333,1,-1.314544,0.326086,-3.557935,1,0.601995,0.797362,-0.042612,-0.051349,0.091911,0.994442,0.796847,-0.596462,0.096273,1,-1.310529,0.631848,-3.552913,1,0.290627,-0.009054,-0.956794,-0.395249,-0.911790,-0.111429,-0.871386,0.410556,-0.268570,1,-1.210063,0.559077,3.663557,1,0.125617,0.099402,-0.987086,-0.391639,-0.909190,-0.141398,-0.911504,0.404343,-0.075280,1,-0.807032,0.534939,3.894872,1,0.121796,0.274176,0.953936,-0.664256,-0.691621,0.283593,0.737516,-0.668198,0.097886,1,0.006145,1.522533,-3.478498,1,0.347219,-0.038829,0.936980,-0.687056,-0.690568,0.225986,0.638273,-0.722225,-0.266456,1,-0.891219,1.580642,-3.352741,1,0.575937,0.802797,-0.154316,0.431027,-0.137809,0.891753,0.694631,-0.580108,-0.425397,1,-1.379684,-1.244836,-3.493870,1,0.576393,0.803651,-0.148042,0.071288,0.131021,0.988813,0.814057,-0.580499,0.018229,1,-1.374065,0.884271,-3.468438,1,-0.640176,0.701850,-0.312381,-0.279483,0.165987,0.945694,0.715587,0.692715,0.089894,1,3.035833,1.773559,-1.664058,1,-0.595647,0.650139,-0.471724,-0.309679,0.356002,0.881681,0.741150,0.671253,-0.010717,1,2.633127,2.561056,-1.893588,1,0.974523,0.763140,-3.903752,1,1.352101,0.714928,-3.424439,1,1.056276,1.250390,-3.535468,1,1.466445,1.318208,-3.864001,1
9,0.665436,0.745338,-0.040818,-0.047391,0.096757,0.994179,0.744949,-0.659629,0.099708,1,-1.609506,0.140204,-3.301514,1,0.665436,0.745338,-0.040818,-0.047391,0.096757,0.994179,0.744949,-0.659629,0.099708,1,-1.609506,0.372842,-3.301514,1,0.664892,0.746290,-0.031142,-0.064445,0.098853,0.993013,0.744154,-0.658239,0.113822,1,-1.605570,0.676566,-3.295774,1,0.218402,0.048032,-0.974676,-0.481370,-0.863515,-0.150417,-0.848872,0.502031,-0.165473,1,-0.865343,0.973436,3.533630,1,-0.179873,0.183507,-0.966422,-0.469419,-0.879380,-0.079609,-0.864460,0.439337,0.244318,1,0.409501,0.945893,3.715859,1,0.027243,0.390772,0.920084,-0.742317,-0.608540,0.280435,0.669495,-0.690634,0.273499,1,0.444375,1.889885,-3.059531,1,0.182521,0.034113,0.982610,-0.769582,-0.617029,0.164372,0.611906,-0.786201,-0.086368,1,-0.190216,1.926295,-3.126546,1,0.646212,0.735720,-0.202797,0.228266,0.067230,0.971275,0.728220,-0.673941,-0.124495,1,-1.757987,-0.194956,-3.393502,1,0.646426,0.735950,-0.201273,0.144125,0.141267,0.979424,0.749241,-0.662133,-0.014750,1,-1.756956,0.632694,-3.343964,1,0.741790,0.670139,-0.025731,0.068505,-0.037549,0.996944,0.667125,-0.741285,-0.073761,1,-1.850086,0.297901,-3.229929,1,0.741790,0.670139,-0.025731,-0.516894,0.595764,0.614724,0.427280,-0.442695,0.788323,1,-1.850086,3.116263,-1.149053,1,0.814518,0.759911,-3.669750,1,1.273832,0.710719,-3.372547,1,1.055167,1.332225,-3.504430,1,1.284201,1.221225,-3.611867,1
10,0.667432,0.742621,-0.055210,-0.052578,0.120950,0.991265,0.742812,-0.658699,0.119772,1,-1.623338,0.152938,-3.156906,1,0.667432,0.742621,-0.055210,-0.052578,0.120950,0.991265,0.742812,-0.658699,0.119772,1,-1.623338,0.385768,-3.156905,1,0.667138,0.743247,-0.050105,-0.061664,0.122130,0.990597,0.742378,-0.657775,0.127309,1,-1.621268,0.659417,-3.153848,1,0.164581,0.082344,-0.982920,-0.486720,-0.859959,-0.153540,-0.857914,0.503676,-0.101455,1,-0.623301,1.017843,3.490056,1,-0.196930,0.274689,-0.941151,-0.485837,-0.861138,-0.149678,-0.851576,0.427770,0.303038,1,0.547353,1.015283,3.574116,1,0.007451,0.412322,0.911008,-0.749183,-0.601111,0.278190,0.662321,-0.684584,0.304426,1,0.498830,1.905426,-2.940987,1,0.119906,0.095375,0.988193,-0.770809,-0.618369,0.153211,0.625680,-0.780079,-0.000630,1,0.086395,1.910008,-3.048527,1,0.525160,0.836477,-0.156568,0.132892,0.101115,0.985959,0.840563,-0.538593,-0.058059,1,-1.199642,0.187357,-3.547620,1,0.570217,0.780312,-0.256837,0.140591,0.215338,0.966366,0.809374,-0.587148,0.013085,1,-1.518860,0.733586,-3.410068,1,0.758245,0.648989,-0.062274,0.168709,-0.103050,0.980264,0.629764,-0.753786,-0.187628,1,-1.937789,-0.133932,-3.093368,1,0.758245,0.648989,-0.062274,-0.212539,0.336352,0.917439,0.616354,-0.682408,0.392973,1,-1.937789,2.012546,-2.373633,1,0.712771,0.731852,-3.578586,1,1.235032,0.688430,-3.331859,1,1.074946,1.502853,-3.457721,1,1.147431,1.329711,-3.428504,1
11,0.649385,0.755614,-0.085711,0.005365,0.108154,0.994120,0.760441,-0.646026,0.066179,1,-1.553079,-0.071640,-3.065473,1,0.649385,0.755614,-0.085711,0.005365,0.108154,0.994120,0.760441,-0.646026,0.066179,1,-1.553078,0.162036,-3.065473,1,0.649378,0.755807,-0.084051,-0.013896,0.122301,0.992396,0.760339,-0.643272,0.089922,1,-1.552745,0.479081,-3.060694,1,0.150645,0.193255,-0.969515,-0.459244,-0.854783,-0.241744,-0.875443,0.481662,-0.040018,1,-0.485584,0.958167,3.349323,1,-0.335800,0.341168,-0.877977,-0.435040,-0.882904,-0.176692,-0.835451,0.322622,0.444901,1,1.043067,0.881419,3.299897,1,-0.067301,0.441489,0.894739,-0.716323,-0.645618,0.264685,0.694515,-0.623109,0.359699,1,0.705604,1.723571,-2.807897,1,0.100264,0.207750,0.973030,-0.722440,-0.657233,0.214767,0.684126,-0.724489,0.084190,1,0.262182,1.712241,-2.987237,1,0.633089,0.760227,-0.145785,-0.083293,0.254143,0.963573,0.769584,-0.597885,0.224217,1,-1.640721,1.046163,-2.978199,1,0.646949,0.733409,-0.208730,-0.176337,0.410207,0.894782,0.741864,-0.542071,0.394711,1,-1.779027,1.921249,-2.653044,1,0.766781,0.641781,0.012795,0.318318,-0.397475,0.860632,0.557423,-0.655843,-0.509067,1,-1.881636,-0.943886,-2.744572,1,0.716570,0.686773,-0.121945,0.388374,-0.247619,0.887609,0.579390,-0.683394,-0.444162,1,-1.820192,-0.546635,-2.771819,1,0.530870,0.683305,-3.380957,1,1.157608,0.672256,-3.223340,1,1.107842,1.449687,-3.538027,1,0.670704,1.358077,-2.951833,1
12,0.657375,0.751004,-0.062056,-0.012376,0.093100,0.995580,0.753462,-0.653702,0.070496,1,-1.580361,-0.033490,-2.885228,1,0.657375,0.751004,-0.062056,-0.012376,0.093100,0.995580,0.753462,-0.653702,0.070496,1,-1.580361,0.200720,-2.885228,1,0.657313,0.751390,-0.057907,-0.017533,0.092065,0.995599,0.753414,-0.653405,0.073689,1,-1.579491,0.457830,-2.884559,1,0.156274,0.203067,-0.966614,-0.468985,-0.846027,-0.253556,-0.869271,0.492952,-0.036977,1,-0.499076,1.028970,3.177956,1,-0.281746,0.369540,-0.885471,-0.456727,-0.863250,-0.214942,-0.843813,0.343860,0.411996,1,0.787107,0.994152,3.195051,1,0.011444,0.450028,0.892941,-0.726052,-0.610277,0.316875,0.687544,-0.651948,0.319760,1,0.418875,1.769829,-2.657726,1,0.068773,0.171096,0.982851,-0.746132,-0.645152,0.164517,0.662236,-0.744651,0.083291,1,0.328620,1.739857,-2.760591,1,0.652119,0.732362,-0.195924,-0.150922,0.378673,0.913143,0.742942,-0.565909,0.357469,1,-1.766640,1.285483,-2.625661,1,0.619143,0.779331,-0.096466,-0.323097,0.364776,0.873239,0.715731,-0.509492,0.477648,1,-1.513276,2.296608,-2.362379,1,0.757458,0.652882,-0.001521,0.359179,-0.414764,0.836039,0.545204,-0.633811,-0.548668,1,-1.835167,-1.007203,-2.565785,1,0.740287,0.672176,-0.012441,0.217045,-0.221442,0.950713,0.636291,-0.706501,-0.309823,1,-1.781340,0.099443,-2.701393,1,0.410505,0.695198,-3.279728,1,1.043125,0.687657,-3.082148,1,1.029976,1.425114,-3.518545,1,0.588843,1.384299,-2.917677,1
13,0.691016,0.719483,-0.069581,0.009769,0.086957,0.996164,0.722774,-0.689045,0.053060,1,-1.706443,-0.116993,-2.650175,1,0.691016,0.719483,-0.069581,0.009769,0.086957,0.996164,0.722774,-0.689045,0.053060,1,-1.706443,0.115300,-2.650175,1,0.691047,0.719881,-0.064997,0.003920,0.086188,0.996271,0.722799,-0.688725,0.056738,1,-1.705872,0.374224,-2.649716,1,0.195530,0.167915,-0.966216,-0.513508,-0.821844,-0.246742,-0.835510,0.544405,-0.074470,1,-0.644833,1.218200,2.938562,1,-0.194576,0.257020,-0.946616,-0.493157,-0.859853,-0.132095,-0.847901,0.441128,0.294058,1,0.369043,1.180988,3.081433,1,0.120878,0.417479,0.900611,-0.744909,-0.561526,0.360276,0.656124,-0.714423,0.243108,1,0.017148,1.841760,-2.454336,1,0.099477,0.105915,0.989387,-0.786908,-0.600184,0.143369,0.608999,-0.792819,0.023641,1,0.167457,1.851140,-2.465050,1,0.676504,0.717012,-0.168038,-0.187178,0.388092,0.902413,0.712255,-0.579033,0.396754,1,-1.832020,1.338571,-2.356228,1,0.590412,0.796353,0.131288,-0.367522,0.120447,0.922182,0.718569,-0.592718,0.363791,1,-1.186511,2.228033,-2.420746,1,0.609313,0.783675,0.120797,0.268111,-0.346989,0.898730,0.746227,-0.515220,-0.421537,1,-1.196896,-0.552390,-2.864725,1,0.609313,0.783675,0.120797,-0.219897,0.020636,0.975305,0.761829,-0.620828,0.184901,1,-1.196895,1.617849,-2.365328,1,0.355779,0.706143,-3.204200,1,0.894152,0.681914,-2.910151,1,0.812637,1.434159,-3.424624,1,0.573304,1.441199,-2.987410,1
14,0.728027,0.679205,-0.093043,0.034685,0.099054,0.994477,0.684671,-0.727234,0.048556,1,-1.846913,-0.216825,-2.406698,1,0.728027,0.679205,-0.093043,0.034685,0.099054,0.994477,0.684671,-0.727234,0.048556,1,-1.846913,0.014477,-2.406698,1,0.728250,0.680031,-0.084911,0.019962,0.102800,0.994502,0.685020,-0.725941,0.061289,1,-1.846607,0.301680,-2.406218,1,0.195471,0.051078,-0.979378,-0.007774,0.998692,0.050533,0.980679,-0.002264,0.195613,1,-0.670072,0.413575,-3.035817,1,-0.438974,0.083941,-0.894570,0.018125,0.996251,0.084589,0.898317,0.020918,-0.438850,1,1.091304,0.369663,-3.052186,1,0.199713,0.367223,0.908439,-0.761910,-0.524763,0.379628,0.616123,-0.767965,0.174989,1,-0.286710,1.902713,-2.279009,1,0.203097,0.022037,0.978911,-0.821144,-0.540742,0.182538,0.533361,-0.840900,-0.091727,1,-0.190899,1.984354,-2.200816,1,0.452546,0.879937,-0.144613,-0.156397,0.237974,0.958597,0.877919,-0.411192,0.245314,1,-1.041259,1.146487,-2.786527,1,0.495497,0.864084,0.088552,-0.307996,0.079457,0.948064,0.812171,-0.497036,0.305505,1,-0.947445,2.001378,-2.569020,1,0.588718,0.795667,0.142569,0.195247,-0.311120,0.930098,0.784405,-0.519729,-0.338513,1,-1.130515,-0.267687,-2.829879,1,0.601804,0.796306,0.061060,-0.133685,0.025065,0.990707,0.787376,-0.604374,0.121538,1,-1.248643,1.380199,-2.422484,1,0.369418,0.678259,-3.074924,1,0.780271,0.680437,-2.779130,1,0.654135,1.468654,-3.315293,1,0.516022,1.456466,-2.905398,1
15,0.724760,0.679398,-0.114639,0.074464,0.088174,0.993318,0.684966,-0.728453,0.013314,1,-1.837203,-0.372071,-2.258683,1,0.724760,0.679398,-0.114639,0.074464,0.088174,0.993318,0.684966,-0.728453,0.013314,1,-1.837203,-0.141291,-2.258683,1,0.725842,0.681318,-0.094654,0.033121,0.102829,0.994147,0.687064,-0.724729,0.052072,1,-1.838787,0.225140,-2.261754,1,0.240322,-0.021461,-0.970456,0.045894,0.998889,-0.010724,0.969608,-0.041961,0.241040,1,-0.782889,0.133944,-2.914858,1,-0.715696,0.025390,-0.697951,0.045894,0.998889,-0.010724,0.696903,-0.039707,-0.716066,1,1.948941,0.133944,-2.441514,1,0.267277,0.298028,0.916375,-0.895836,-0.273512,0.350240,0.355021,-0.914533,0.193881,1,-0.569809,2.354382,-1.432706,1,0.412236,-0.217168,0.884816,-0.895836,-0.273512,0.350240,0.165947,-0.937032,-0.307299,1,-0.939266,2.354382,-1.106607,1,-0.950027,0.169223,0.262320,0.259385,-0.039627,0.964961,0.173689,0.984781,-0.006248,1,3.006461,-0.268515,-0.163711,1,-0.947284,0.167151,0.273338,0.243147,-0.180520,0.953044,0.208645,0.969264,0.130361,1,3.008593,0.167311,-0.136497,1,0.594373,0.797411,0.104191,-0.040921,-0.099403,0.994205,0.803147,-0.595193,-0.026452,1,-1.199409,0.569977,-2.559746,1,0.597030,0.801632,0.030662,-0.014052,-0.027765,0.999516,0.802096,-0.597172,-0.005312,1,-1.277667,1.015456,-2.536791,1,0.272092,0.610401,-2.860681,1,0.529765,0.607351,-2.552425,1,0.260509,1.385764,-2.730194,1,0.449611,1.453112,-2.818349,1
16,0.673574,0.731782,-0.103888,0.053122,0.092262,0.994317,0.737208,-0.675265,0.023272,1,-1.663046,-0.302831,-2.217624,1,0.673574,0.731782,-0.103888,0.053122,0.092262,0.994317,0.737208,-0.675265,0.023272,1,-1.663046,-0.072965,-2.217624,1,0.674179,0.733398,-0.087238,0.019120,0.100748,0.994728,0.738320,-0.672293,0.053900,1,-1.663463,0.264469,-2.218390,1,0.366719,-0.033132,-0.929741,-0.016250,0.998985,-0.042009,0.930190,0.030514,0.365809,1,-1.115878,0.197312,-2.641461,1,-0.779745,-0.038961,-0.624884,-0.016250,0.998985,-0.042009,0.625886,-0.022602,-0.779587,1,2.093407,0.197312,-2.166801,1,0.271914,0.256306,0.927561,-0.861391,-0.364899,0.353346,0.429031,-0.895073,0.121559,1,-0.587305,2.149594,-1.484751,1,0.485481,-0.386877,0.783986,-0.861391,-0.364899,0.353346,0.149374,-0.846861,-0.510405,1,-1.177607,2.149594,-0.946601,1,-0.883083,0.062753,0.465001,0.436027,-0.256342,0.862652,0.173333,0.964547,0.199009,1,2.759519,-0.828949,-0.149742,1,-0.883352,0.062924,0.464467,0.432576,-0.272092,0.859561,0.180465,0.960212,0.213133,1,2.759736,-0.349167,-0.155527,1,0.550698,0.834674,-0.007113,-0.265234,0.183062,0.946646,0.791443,-0.519430,0.322196,1,-1.140036,1.274683,-2.159573,1,0.553694,0.832514,-0.018524,-0.246512,0.185119,0.951295,0.795396,-0.522160,0.307724,1,-1.160542,1.702907,-2.186004,1,0.177091,0.574158,-2.740412,1,0.353100,0.562137,-2.414471,1,-0.005734,1.343608,-2.418103,1,0.574953,1.402618,-2.913539,1
17,0.677868,0.727336,-0.107134,0.096455,0.056478,0.993734,0.728829,-0.683954,-0.031871,1,-1.687562,-0.420211,-2.029525,1,0.677868,0.727336,-0.107134,0.096455,0.056478,0.993734,0.728829,-0.683954,-0.031871,1,-1.687562,-0.190036,-2.029524,1,0.679143,0.728345,-0.090986,0.060669,0.067832,0.995850,0.731494,-0.681845,0.001880,1,-1.689865,0.147575,-2.034337,1,0.270140,0.046771,-0.961684,-0.460902,0.883224,-0.086514,0.845337,0.466613,0.260151,1,-0.811062,1.289498,-2.294301,1,-0.620765,-0.390529,-0.679807,-0.460902,0.883224,-0.086514,0.634208,0.259620,-0.728270,1,1.500739,1.289499,-2.069036,1,0.242618,0.307670,0.920041,-0.879018,-0.331524,0.342665,0.410444,-0.891869,0.190014,1,-0.492556,2.148883,-1.270824,1,0.455222,-0.369847,0.809930,-0.879018,-0.331524,0.342665,0.141778,-0.867931,-0.476019,1,-0.985193,2.148883,-0.822511,1,-0.864379,0.058378,0.499440,0.481119,-0.192753,0.855202,0.146194,0.979509,0.138525,1,2.602495,-0.844683,-0.217571,1,-0.864422,0.058396,0.499363,0.480738,-0.194778,0.854958,0.147191,0.979107,0.140297,1,2.602528,-0.362492,-0.218325,1,0.580790,0.811085,-0.069454,-0.291819,0.287089,0.912371,0.759950,-0.509629,0.403429,1,-1.295944,1.296787,-1.849475,1,0.581232,0.810648,-0.070845,-0.289537,0.287387,0.913005,0.760485,-0.510155,0.401751,1,-1.298645,1.772115,-1.852739,1,0.138924,0.589567,-2.642241,1,0.249068,0.585686,-2.310257,1,-0.081395,1.355078,-2.233405,1,0.534531,1.387485,-2.810681,1
18,0.658381,0.743122,-0.119599,0.104538,0.067078,0.992256,0.745390,-0.665785,-0.033521,1,-1.639871,-0.437330,-1.905480,1,0.658381,0.743122,-0.119599,0.104538,0.067078,0.992256,0.745390,-0.665785,-0.033521,1,-1.639871,-0.207083,-1.905480,1,0.660188,0.744611,-0.098523,0.065880,0.073260,0.995135,0.748205,-0.663467,-0.000690,1,-1.643226,0.132069,-1.910705,1,0.156197,0.093335,-0.983306,-0.878506,0.468168,-0.095111,0.451475,0.878697,0.155122,1,-0.488331,2.263424,-1.252009,1,-0.228751,-0.184248,-0.955890,-0.849624,0.517103,0.103649,0.475196,0.835857,-0.274829,1,0.281219,2.253754,-1.469069,1,0.153743,0.340705,0.927514,-0.910927,-0.314826,0.266639,0.382851,-0.885892,0.261955,1,-0.281519,2.158739,-1.054128,1,0.283980,-0.143486,0.948033,-0.922781,-0.309467,0.229578,0.260444,-0.940022,-0.220288,1,-0.394479,2.175871,-0.939456,1,-0.866236,0.040730,0.497972,0.492280,-0.100812,0.864579,0.085416,0.994071,0.067277,1,2.491661,-0.788881,-0.193472,1,-0.866244,0.040732,0.497958,0.492243,-0.101074,0.864570,0.085546,0.994045,0.067504,1,2.491666,-0.307228,-0.193553,1,0.534942,0.842157,0.067891,-0.089448,-0.023452,0.995715,0.840141,-0.538722,0.062784,1,-1.127176,0.734087,-2.080369,1,0.542494,0.839763,-0.022317,-0.058897,0.064522,0.996177,0.837993,-0.539105,0.084462,1,-1.236696,1.154627,-2.053368,1,-0.065266,0.622982,-2.616377,1,0.221510,0.628824,-2.275789,1,-0.106653,1.362395,-2.098250,1,0.172900,1.466679,-2.486948,1
19,0.641138,0.757666,-0.121998,0.102505,0.072998,0.992050,0.760549,-0.648547,-0.030862,1,-1.601346,-0.451067,-1.790681,1,0.641138,0.757666,-0.121998,0.102505,0.072998,0.992050,0.760549,-0.648547,-0.030862,1,-1.601346,-0.220750,-1.790681,1,0.642666,0.758982,-0.104533,0.071272,0.076623,0.994510,0.762824,-0.646588,-0.004851,1,-1.604567,0.095682,-1.795478,1,0.084507,0.136574,-0.987019,-0.897981,0.439741,-0.016037,0.431843,0.887680,0.159803,1,-0.287131,2.174442,-1.249975,1,-0.276226,0.217292,-0.936207,-0.855852,0.387591,0.342477,0.437283,0.895856,0.078907,1,0.328154,2.203322,-1.293648,1,0.071191,0.401474,0.913099,-0.907655,-0.353539,0.226212,0.413635,-0.844884,0.339231,1,-0.128255,2.076140,-0.996550,1,0.095946,0.124864,0.987524,-0.920389,-0.366669,0.135786,0.379049,-0.921934,0.079743,1,0.108617,2.074893,-1.011906,1,-0.798078,0.021584,0.602167,0.601785,-0.021900,0.798358,0.030419,0.999527,0.004489,1,2.302135,-1.071438,-0.149599,1,-0.966995,0.039257,0.251753,0.250297,-0.038466,0.967405,0.047661,0.998488,0.027371,1,2.350752,0.339339,-0.166426,1,0.425544,0.899750,0.096756,-0.063161,-0.077129,0.995019,0.902731,-0.429536,0.024007,1,-0.869987,0.648004,-2.143198,1,0.481424,0.876411,-0.011619,-0.027221,0.028200,0.999232,0.876065,-0.480737,0.037433,1,-1.111183,1.054741,-2.069139,1,-0.300792,0.634695,-2.456664,1,0.227449,0.630437,-2.264989,1,-0.104789,1.364478,-2.080009,1,0.063700,1.453105,-2.388999,1
20,0.579652,0.803183,-0.137481,0.127882,0.076962,0.988799,0.804767,-0.590741,-0.058101,1,-1.471170,-0.520882,-1.746878,1,0.579652,0.803183,-0.137481,0.127882,0.076962,0.988799,0.804767,-0.590741,-0.058101,1,-1.471171,-0.289852,-1.746878,1,0.581859,0.804783,-0.117318,0.089021,0.080362,0.992783,0.808403,-0.588103,-0.024884,1,-1.476167,0.040147,-1.755109,1,0.075146,0.154895,-0.985069,0.638799,0.751068,0.166830,0.765695,-0.641798,-0.042507,1,-0.262606,-1.749646,-1.637310,1,-0.506083,0.573520,-0.644169,0.638800,0.751068,0.166830,0.579495,-0.327065,-0.746467,1,0.823829,-1.749646,-1.513652,1,0.017655,0.443310,0.896195,-0.887144,-0.406467,0.218539,0.461154,-0.798912,0.386104,1,-0.039845,1.986754,-1.024897,1,0.034164,0.215302,0.975950,-0.894465,-0.429031,0.125959,0.445832,-0.877256,0.177923,1,0.235563,1.973216,-1.061617,1,-0.978020,-0.076908,0.193809,0.174571,0.206279,0.962795,-0.114026,0.975466,-0.188319,1,2.423708,0.043093,-0.009032,1,-0.985416,-0.086932,0.146284,0.126360,0.201941,0.971212,-0.113970,0.975532,-0.188011,1,2.396320,0.616500,-0.008873,1,0.479432,0.841579,0.248774,0.248590,-0.402104,0.881201,0.841634,-0.360633,-0.401990,1,-0.956066,-0.119116,-2.067166,1,0.468772,0.856847,0.214633,0.283275,-0.375977,0.882268,0.836665,-0.352782,-0.418971,1,-0.967184,0.267185,-2.073451,1,-0.517691,0.499529,-2.260739,1,0.202722,0.594420,-2.219556,1,-0.003130,1.380614,-2.226563,1,-0.365114,1.289700,-1.986356,1
21,0.529125,0.838681,-0.128999,0.137553,0.065236,0.988344,0.837321,-0.540702,-0.080845,1,-1.383039,-0.525880,-1.670349,1,0.529125,0.838681,-0.128999,0.137553,0.065236,0.988344,0.837321,-0.540702,-0.080845,1,-1.383040,-0.296359,-1.670349,1,0.530995,0.839697,-0.113816,0.106342,0.067220,0.992055,0.840676,-0.538880,-0.053602,1,-1.387068,0.012190,-1.677577,1,0.154715,0.190933,-0.969334,0.577723,0.778426,0.245539,0.801436,-0.597995,0.010128,1,-0.466419,-1.617181,-1.561998,1,-0.625795,0.615550,-0.479040,0.577723,0.778426,0.245539,0.524038,-0.123095,-0.842752,1,1.008613,-1.617181,-1.401860,1,-0.002904,0.489296,0.872113,-0.842061,-0.471596,0.261783,0.539375,-0.733612,0.413386,1,-0.060011,1.820665,-1.021823,1,-0.056434,0.286445,0.956433,-0.844126,-0.525257,0.107503,0.533167,-0.801283,0.271438,1,0.400212,1.779226,-1.051381,1,-0.986932,0.119265,-0.108361,-0.078762,0.229627,0.970087,0.140579,0.965944,-0.217232,1,2.054466,0.590822,-0.742380,1,-0.998667,-0.050568,-0.010362,-0.017404,0.140880,0.989874,-0.048596,0.988734,-0.141573,1,2.214827,0.976875,-0.254061,1,0.450759,0.821845,0.348408,0.292496,-0.504747,0.812205,0.843364,-0.264201,-0.467905,1,-0.883605,-0.131456,-1.926199,1,0.450097,0.822978,0.346583,0.294624,-0.503248,0.812366,0.842976,-0.263532,-0.468980,1,-0.884383,0.345094,-1.926660,1,-0.655238,0.448878,-2.107137,1,0.111815,0.586713,-2.102625,1,-0.160188,1.439376,-2.224613,1,-0.626496,1.253095,-1.784262,1
22,0.561964,0.812830,-0.153306,0.200500,0.045956,0.978615,0.802494,-0.580685,-0.137147,1,-1.466355,-0.644274,-1.426163,1,0.561964,0.812830,-0.153306,0.200500,0.045956,0.978615,0.802494,-0.580685,-0.137147,1,-1.466355,-0.414818,-1.426163,1,0.565152,0.813798,-0.135412,0.149603,0.060322,0.986904,0.811309,-0.578009,-0.087655,1,-1.473007,-0.074499,-1.444559,1,0.191786,0.157761,-0.968674,0.524677,0.817634,0.237042,0.829417,-0.553703,0.074037,1,-0.528225,-1.538560,-1.490009,1,-0.530896,0.531931,-0.659696,0.524677,0.817634,0.237042,0.665480,-0.220283,-0.713170,1,0.659783,-1.538560,-1.566390,1,0.032488,0.463711,0.885391,-0.853520,-0.448059,0.265983,0.520046,-0.764340,0.381230,1,-0.186135,1.781697,-0.831157,1,0.029346,0.234258,0.971732,-0.864415,-0.482206,0.142352,0.501922,-0.844157,0.188345,1,0.200105,1.770600,-0.843762,1,-0.949476,-0.257055,-0.180050,-0.252216,0.283565,0.925191,-0.186769,0.923858,-0.334071,1,1.992017,0.879942,-0.160808,1,-0.965782,-0.242292,-0.092520,-0.137143,0.174311,0.975094,-0.220130,0.954416,-0.201575,1,2.108236,1.193789,0.032033,1,0.487796,0.790996,0.369298,0.257490,-0.534594,0.804928,0.834119,-0.297550,-0.464446,1,-0.958846,0.003138,-1.793105,1,0.487650,0.791299,0.368842,0.258027,-0.534238,0.804992,0.834038,-0.297383,-0.464697,1,-0.959120,0.484069,-1.793256,1,-0.723981,0.518069,-2.038226,1,-0.020956,0.593234,-1.938935,1,-0.193577,1.401999,-2.268681,1,-0.731864,1.242301,-1.718879,1
23,0.602156,0.777791,-0.180137,0.220569,0.054778,0.973832,0.767305,-0.626131,-0.138572,1,-1.546736,-0.685716,-1.235661,1,0.602156,0.777791,-0.180137,0.220569,0.054778,0.973832,0.767305,-0.626131,-0.138572,1,-1.546737,-0.456767,-1.235661,1,0.606405,0.779233,-0.158328,0.160907,0.074742,0.984135,0.778705,-0.622261,-0.080060,1,-1.555697,-0.106345,-1.259699,1,0.230520,0.148019,-0.961744,0.255679,0.944420,0.206636,0.938876,-0.293531,0.179863,1,-0.595388,-1.075109,-1.776114,1,-0.440608,0.304086,-0.844628,0.255679,0.944420,0.206636,0.860519,-0.124908,-0.493868,1,0.470376,-1.075109,-1.942539,1,0.085318,0.434385,0.896678,-0.874293,-0.398972,0.276465,0.477842,-0.807546,0.345740,1,-0.321102,1.768916,-0.642221,1,0.145797,0.098619,0.984387,-0.894579,-0.411753,0.173746,0.422459,-0.905943,0.028191,1,-0.020011,1.780862,-0.608014,1,-0.786538,0.591689,-0.176811,-0.061030,0.210436,0.975701,0.614519,0.778217,-0.129405,1,1.162754,0.499459,-1.668045,1,-0.963529,0.244600,-0.108544,-0.070766,0.158280,0.984855,0.258076,0.956618,-0.135198,1,1.722801,1.031480,-1.032912,1,0.575720,0.687612,0.442421,0.076015,-0.583759,0.808361,0.814106,-0.431759,-0.388350,1,-1.079976,0.427827,-1.530375,1,0.575714,0.687654,0.442364,0.076081,-0.583723,0.808381,0.814104,-0.431741,-0.388375,1,-1.080041,0.907961,-1.530403,1,-0.722632,0.598100,-2.019038,1,-0.153539,0.580783,-1.807254,1,-0.329979,1.425553,-2.032380,1,-0.881498,1.223863,-1.763498,1
24,0.631398,0.741125,-0.228188,0.281246,0.055368,0.958037,0.722660,-0.669080,-0.173479,1,-1.610087,-0.791241,-0.937713,1,0.631398,0.741125,-0.228188,0.281246,0.055368,0.958037,0.722660,-0.669080,-0.173479,1,-1.610088,-0.563504,-0.937713,1,0.638091,0.742987,-0.202016,0.212720,0.082048,0.973662,0.739994,-0.664258,-0.105694,1,-1.623856,-0.211355,-0.973370,1,0.217214,0.080493,-0.972800,0.033509,0.995392,0.089845,0.975549,-0.052113,0.213515,1,-0.505777,-0.779147,-1.867105,1,-0.523814,0.126102,-0.842447,0.020430,0.990557,0.135569,0.851588,0.053801,-0.521444,1,0.689059,-0.733946,-1.937600,1,0.228477,0.305547,0.924359,-0.881409,-0.338276,0.329678,0.413420,-0.890062,0.192024,1,-0.574647,1.704757,-0.352367,1,0.385093,-0.174939,0.906146,-0.888644,-0.335235,0.312935,0.249027,-0.925750,-0.284556,1,-0.360300,1.711684,-0.184522,1,-0.881330,0.467371,0.069440,0.047307,-0.058942,0.997140,0.470128,0.882094,0.029837,1,1.393226,0.433694,-1.392304,1,-0.976641,0.196522,0.086897,0.074080,-0.071674,0.994673,0.201704,0.977876,0.055441,1,1.756334,0.872746,-0.934276,1,0.514203,0.715723,0.472585,0.016764,-0.559293,0.828801,0.857505,-0.418249,-0.299589,1,-0.986648,0.584497,-1.424046,1,0.580028,0.722680,0.375900,-0.004953,-0.458318,0.888774,0.814582,-0.517375,-0.262258,1,-1.185847,1.083527,-1.248963,1,-0.756336,0.583094,-1.894638,1,-0.394237,0.542812,-1.586299,1,-0.664256,1.430524,-1.804731,1,-0.920097,1.257260,-1.712880,1
25,0.602237,0.762342,-0.236951,0.319301,0.042017,0.946721,0.731681,-0.645809,-0.218113,1,-1.583329,-0.834241,-0.825217,1,0.602237,0.762342,-0.236951,0.319301,0.042017,0.946721,0.731681,-0.645809,-0.218113,1,-1.583329,-0.608232,-0.825217,1,0.608872,0.763717,-0.214501,0.246088,0.075213,0.966325,0.754132,-0.641155,-0.142147,1,-1.596378,-0.262333,-0.869368,1,0.111522,0.042681,-0.992845,0.019624,0.998788,0.045141,0.993568,-0.024518,0.110550,1,-0.256113,-0.859643,-1.817702,1,-0.391568,0.095318,-0.915199,0.007495,0.994918,0.100414,0.920119,0.032459,-0.390292,1,0.358783,-0.815394,-1.891101,1,0.341042,0.126195,0.931539,-0.824392,-0.436049,0.360886,0.451739,-0.891031,-0.044677,1,-0.687796,1.591892,-0.231849,1,0.550719,-0.470689,0.689319,-0.824392,-0.436049,0.360886,0.130712,-0.767016,-0.628173,1,-0.437523,1.591892,0.061023,1,-0.923186,-0.172036,0.343703,0.384262,-0.393579,0.835127,-0.008398,0.903050,0.429454,1,1.860106,0.033230,-0.459920,1,-0.923152,-0.172071,0.343777,0.384345,-0.393657,0.835052,-0.008358,0.903009,0.429540,1,1.860151,0.510776,-0.459867,1,0.488175,0.838632,0.241624,-0.001211,-0.276204,0.961098,0.872745,-0.469477,-0.133820,1,-1.147064,0.567004,-1.150767,1,0.542483,0.800499,0.254780,-0.011347,-0.296275,0.955035,0.839990,-0.520982,-0.151641,1,-1.193299,1.074432,-1.078618,1,-0.868509,0.616655,-1.763073,1,-0.682224,0.450157,-1.373076,1,-1.117230,1.252036,-1.340508,1,-0.849113,1.328863,-1.570839,1
26,0.686041,0.688194,-0.236084,0.324494,0.001007,0.945887,0.651192,-0.725526,-0.222624,1,-1.684841,-0.785580,-0.504537,1,0.686041,0.688194,-0.236084,0.324494,0.001007,0.945887,0.651192,-0.725526,-0.222624,1,-1.684841,-0.558961,-0.504537,1,0.691065,0.688527,-0.219906,0.268184,0.038271,0.962607,0.671197,-0.724200,-0.158204,1,-1.693777,-0.253787,-0.540114,1,0.057080,0.022200,-0.998123,0.010677,0.999682,0.022845,0.998313,-0.011961,0.056825,1,-0.138830,-0.924578,-1.763658,1,-0.289224,0.070956,-0.954628,0.001464,0.997281,0.073683,0.957260,0.019913,-0.288541,1,0.137647,-0.888945,-1.833753,1,0.331760,0.120599,0.935623,-0.781147,-0.520943,0.344132,0.528909,-0.845029,-0.078623,1,-0.648458,1.549617,-0.241085,1,0.589503,-0.433838,0.681374,-0.781147,-0.520943,0.344133,0.205660,-0.735121,-0.645989,1,-0.426973,1.549617,0.032917,1,-0.853072,0.122860,0.507122,0.515631,0.049571,0.855376,0.079953,0.991185,-0.105638,1,1.509699,-0.471659,-1.022851,1,-0.827477,-0.050574,0.559217,0.552167,0.107532,0.826770,-0.101947,0.992914,-0.061055,1,1.664360,-0.112089,-0.736801,1,0.706496,0.646889,0.287051,-0.464399,0.117688,0.877772,0.534038,-0.753448,0.383560,1,-1.362823,0.965694,-0.091044,1,0.706783,0.646816,0.286509,-0.464192,0.118411,0.877784,0.533838,-0.753398,0.383938,1,-1.363704,1.427556,-0.090429,1,-0.935663,0.633463,-1.705225,1,-0.782780,0.435555,-1.269856,1,-0.777900,1.266738,-1.107754,1,-0.592193,1.218297,-1.881370,1
27,0.753289,0.656651,-0.036949,0.091709,-0.049242,0.994568,0.651264,-0.752586,-0.097315,1,-1.748565,-0.356276,-0.371688,1,0.753289,0.656651,-0.036949,0.091709,-0.049242,0.994568,0.651264,-0.752586,-0.097315,1,-1.748565,-0.130400,-0.371688,1,0.753051,0.656765,-0.039676,0.082568,-0.034504,0.995988,0.652761,-0.753305,-0.080211,1,-1.748211,0.110868,-0.373915,1,0.036514,0.014288,-0.999231,0.006983,0.999870,0.014552,0.999309,-0.007509,0.036410,1,-0.068799,-0.922130,-1.750848,1,-0.235457,0.057992,-0.970153,-0.000481,0.998211,0.059785,0.971885,0.014543,-0.235008,1,0.066008,-0.893519,-1.805769,1,0.301237,0.139768,0.943250,-0.815091,-0.475615,0.330783,0.494857,-0.868479,-0.029349,1,-0.605965,1.545104,-0.089611,1,0.527930,-0.374661,0.762181,-0.815091,-0.475615,0.330783,0.238573,-0.795877,-0.556474,1,-0.290308,1.545104,0.089874,1,0.872323,0.430206,0.232324,-0.404102,0.366895,0.837908,0.275234,-0.824809,0.493898,1,-1.693828,0.711286,0.514152,1,0.872366,0.430167,0.232235,-0.404039,0.367033,0.837878,0.275190,-0.824769,0.493991,1,-1.693956,1.193695,0.514284,1,0.872323,0.430206,0.232324,-0.404102,0.366895,0.837908,0.275234,-0.824809,0.493898,1,-1.491326,0.650352,0.454346,1,0.872366,0.430167,0.232235,-0.404039,0.367033,0.837878,0.275190,-0.824769,0.493991,1,-1.491446,1.121846,0.454470,1,-0.932650,0.613063,-1.695813,1,-0.815866,0.480336,-1.224624,1,-0.544384,1.249663,-2.006037,1,-0.438149,1.198182,-1.812579,1
