0,0.876565,-0.469406,-0.106264,0.097891,-0.042288,0.994298,-0.471224,-0.881969,0.008882,1,-3.068268,-0.283555,0.001021,1,0.876565,-0.469406,-0.106264,0.097891,-0.042288,0.994298,-0.471224,-0.881969,0.008882,1,-3.068268,-0.053835,0.001021,1,0.877377,-0.469796,-0.097471,0.086018,-0.045843,0.995238,-0.472027,-0.881584,0.000189,1,-3.068624,0.212336,0.001374,1,-0.000004,-0.000003,-1.000000,-0.000004,1.000000,-0.000003,1.000000,0.000004,-0.000004,1,-0.288089,1.516686,-2.835412,1,-0.001327,0.000464,-0.999999,-0.000357,1.000000,0.000464,0.999999,0.000358,-0.001327,1,-0.599204,1.517969,-2.835671,1,0.000004,-0.000001,1.000000,0.000004,-1.000000,-0.000001,1.000000,0.000004,-0.000004,1,0.256949,-1.366614,-2.555153,1,0.000010,0.000018,1.000000,-0.000014,-1.000000,0.000018,1.000000,-0.000014,-0.000010,1,0.572535,-1.366558,-2.555180,1,-0.000003,1.000000,0.000000,0.000004,-0.000000,1.000000,1.000000,0.000003,-0.000004,1,1.472058,0.759176,-2.751882,1,0.001845,0.999998,0.000008,-0.000212,-0.000008,1.000000,0.999998,-0.001845,0.000212,1,1.466980,1.242404,-2.754330,1,-0.000003,1.000000,0.000000,0.000004,-0.000000,1.000000,1.000000,0.000003,-0.000004,1,1.367405,0.737464,-2.556441,1,0.001458,0.999999,0.000301,-0.000167,-0.000300,1.000000,0.999999,-0.001458,0.000166,1,1.364034,1.220134,-2.558229,1,1.516541,0.919236,-2.834994,1,1.366619,0.888101,-2.555151,1,1.472056,1.705903,-2.751981,1,1.367266,1.684191,-2.556520,1
1,0.875721,-0.470641,-0.107746,0.099317,-0.042794,0.994135,-0.472491,-0.881287,0.009267,1,-3.067836,-0.288176,0.005467,1,0.875721,-0.470641,-0.107746,0.099317,-0.042794,0.994135,-0.472491,-0.881287,0.009267,1,-3.067836,-0.058447,0.005467,1,0.876804,-0.471160,-0.096043,0.084641,-0.045388,0.995377,-0.473341,-0.880879,0.000083,1,-3.068311,0.216740,0.005840,1,-0.000004,-0.000003,-1.000000,-0.000004,1.000000,-0.000003,1.000000,0.000004,-0.000004,1,-0.287828,1.516793,-2.834989,1,-0.001195,0.000418,-0.999999,-0.000322,1.000000,0.000419,0.999999,0.000322,-0.001195,1,-0.599388,1.517949,-2.835222,1,0.000004,-0.000001,1.000000,0.000004,-1.000000,-0.000001,1.000000,0.000004,-0.000004,1,0.257145,-1.366289,-2.554918,1,0.000009,0.000018,1.000000,-0.000012,-1.000000,0.000018,1.000000,-0.000012,-0.000009,1,0.572733,-1.366237,-2.554943,1,-0.000003,1.000000,0.000000,0.000004,-0.000000,1.000000,1.000000,0.000003,-0.000004,1,1.472319,0.759049,-2.752147,1,0.001660,0.999999,0.000007,-0.000191,-0.000007,1.000000,0.999999,-0.001660,0.000191,1,1.467749,1.242219,-2.754351,1,-0.000003,1.000000,0.000000,0.000004,-0.000000,1.000000,1.000000,0.000003,-0.000004,1,1.367362,0.737655,-2.556834,1,0.001312,0.999999,0.000271,-0.000150,-0.000270,1.000000,0.999999,-0.001312,0.000149,1,1.364327,1.220324,-2.558444,1,1.516663,0.918975,-2.834613,1,1.366293,0.888297,-2.554917,1,1.472317,1.705777,-2.752236,1,1.367237,1.684383,-2.556905,1
2,0.876576,-0.469389,-0.106245,0.097875,-0.042277,0.994300,-0.471206,-0.881979,0.008882,1,-3.068274,-0.283496,0.000960,1,0.876576,-0.469389,-0.106245,0.097875,-0.042277,0.994300,-0.471206,-0.881979,0.008882,1,-3.068274,-0.053773,0.000960,1,0.877385,-0.469777,-0.097491,0.086037,-0.045850,0.995236,-0.472009,-0.881594,0.000190,1,-3.068628,0.212276,0.001312,1,-0.000004,-0.000003,-1.000000,-0.000004,1.000000,-0.000003,1.000000,0.000004,-0.000004,1,-0.288094,1.516678,-2.835406,1,-0.000872,0.000308,-1.000000,-0.000236,1.000000,0.000309,1.000000,0.000236,-0.000872,1,-0.600736,1.517524,-2.835577,1,0.000004,-0.000001,1.000000,0.000004,-1.000000,-0.000001,1.000000,0.000004,-0.000004,1,0.256950,-1.366624,-2.555167,1,0.000008,0.000018,1.000000,-0.000008,-1.000000,0.000018,1.000000,-0.000008,-0.000008,1,0.572541,-1.366584,-2.555185,1,-0.000003,1.000000,0.000000,0.000004,-0.000000,1.000000,1.000000,0.000003,-0.000004,1,1.472056,0.759175,-2.751878,1,0.001209,0.999999,0.000005,-0.000138,-0.000005,1.000000,0.999999,-0.001209,0.000138,1,1.468724,1.242202,-2.753485,1,-0.000004,1.000000,0.000000,0.000004,-0.000000,1.000000,1.000000,0.000004,-0.000004,1,1.367406,0.737459,-2.556436,1,0.000955,1.000000,0.000197,-0.000108,-0.000197,1.000000,1.000000,-0.000956,0.000108,1,1.365194,1.220120,-2.557610,1,1.516583,0.919241,-2.835132,1,1.366629,0.888102,-2.555166,1,1.472054,1.705902,-2.751943,1,1.367315,1.684186,-2.556488,1
3,0.875734,-0.470624,-0.107714,0.099284,-0.042785,0.994139,-0.472474,-0.881296,0.009258,1,-3.067843,-0.288074,0.005406,1,0.875734,-0.470624,-0.107714,0.099284,-0.042785,0.994139,-0.472474,-0.881296,0.009258,1,-3.067843,-0.058342,0.005406,1,0.876812,-0.471141,-0.096063,0.084660,-0.045394,0.995375,-0.473322,-0.880889,0.000085,1,-3.068315,0.216680,0.005779,1,-0.000004,-0.000003,-1.000000,-0.000004,1.000000,-0.000003,1.000000,0.000004,-0.000004,1,-0.287834,1.516783,-2.834978,1,-0.000637,0.000229,-1.000000,-0.000173,1.000000,0.000229,1.000000,0.000173,-0.000637,1,-0.601264,1.517402,-2.835102,1,0.000004,-0.000001,1.000000,0.000004,-1.000000,-0.000001,1.000000,0.000004,-0.000004,1,0.257148,-1.366302,-2.554938,1,0.000007,0.000018,1.000000,-0.000005,-1.000000,0.000018,1.000000,-0.000005,-0.000007,1,0.572742,-1.366269,-2.554951,1,-0.000004,1.000000,0.000000,0.000004,-0.000000,1.000000,1.000000,0.000004,-0.000004,1,1.472052,0.759176,-2.751874,1,0.000979,1.000000,0.000004,-0.000111,-0.000004,1.000000,1.000000,-0.000979,0.000111,1,1.469354,1.242130,-2.753177,1,-0.000004,1.000000,0.000000,0.000004,-0.000000,1.000000,1.000000,0.000004,-0.000004,1,1.367407,0.737455,-2.556430,1,0.000773,1.000000,0.000160,-0.000087,-0.000160,1.000000,1.000000,-0.000773,0.000087,1,1.365615,1.220114,-2.557381,1,1.516713,0.918981,-2.834778,1,1.366307,0.888300,-2.554937,1,1.472051,1.705903,-2.751927,1,1.367333,1.684182,-2.556472,1
4,0.876578,-0.469390,-0.106229,0.097855,-0.042279,0.994302,-0.471207,-0.881978,0.008871,1,-3.068275,-0.283446,0.000960,1,0.876578,-0.469390,-0.106229,0.097855,-0.042279,0.994302,-0.471207,-0.881978,0.008871,1,-3.068275,-0.053720,0.000960,1,0.877385,-0.469777,-0.097491,0.086037,-0.045850,0.995236,-0.472009,-0.881594,0.000190,1,-3.068628,0.212276,0.001311,1,-0.000004,-0.000003,-1.000000,-0.000004,1.000000,-0.000003,1.000000,0.000004,-0.000004,1,-0.288096,1.516670,-2.835390,1,-0.000465,0.000171,-1.000000,-0.000127,1.000000,0.000171,1.000000,0.000127,-0.000465,1,-0.602099,1.517124,-2.835481,1,0.000004,-0.000001,1.000000,0.000004,-1.000000,-0.000001,1.000000,0.000004,-0.000004,1,0.256955,-1.366633,-2.555183,1,0.000006,0.000018,1.000000,-0.000002,-1.000000,0.000018,1.000000,-0.000002,-0.000006,1,0.572551,-1.366606,-2.555192,1,-0.000004,1.000000,0.000000,0.000004,-0.000000,1.000000,1.000000,0.000004,-0.000004,1,1.472056,0.759171,-2.751878,1,0.000641,1.000000,0.000003,-0.000072,-0.000003,1.000000,1.000000,-0.000641,0.000072,1,1.470286,1.242020,-2.752733,1,-0.000004,1.000000,0.000000,0.000004,-0.000000,1.000000,1.000000,0.000004,-0.000004,1,1.367406,0.737455,-2.556436,1,0.000506,1.000000,0.000105,-0.000056,-0.000105,1.000000,1.000000,-0.000506,0.000056,1,1.366231,1.220109,-2.557060,1,1.516618,0.919243,-2.835245,1,1.366637,0.888108,-2.555182,1,1.472055,1.705899,-2.751913,1,1.367358,1.684183,-2.556464,1
5,0.875734,-0.470624,-0.107719,0.099292,-0.042781,0.994138,-0.472474,-0.881296,0.009264,1,-3.067842,-0.288089,0.005405,1,0.875734,-0.470624,-0.107719,0.099292,-0.042781,0.994138,-0.472474,-0.881296,0.009264,1,-3.067842,-0.058353,0.005405,1,0.876812,-0.471141,-0.096063,0.084660,-0.045394,0.995375,-0.473322,-0.880889,0.000085,1,-3.068315,0.216680,0.005778,1,-0.000004,-0.000003,-1.000000,-0.000004,1.000000,-0.000003,1.000000,0.000004,-0.000004,1,-0.287835,1.516774,-2.834961,1,-0.000377,0.000142,-1.000000,-0.000104,1.000000,0.000142,1.000000,0.000104,-0.000377,1,-0.602392,1.517037,-2.835459,1,0.000004,-0.000001,1.000000,0.000004,-1.000000,-0.000001,1.000000,0.000004,-0.000004,1,0.256957,-1.366635,-2.555188,1,0.000005,0.000018,1.000000,-0.000001,-1.000000,0.000018,1.000000,-0.000001,-0.000005,1,0.572554,-1.366612,-2.555196,1,-0.000004,1.000000,0.000000,0.000004,-0.000000,1.000000,1.000000,0.000004,-0.000004,1,1.472057,0.759170,-2.751878,1,0.000518,1.000000,0.000002,-0.000057,-0.000002,1.000000,1.000000,-0.000518,0.000057,1,1.470622,1.241980,-2.752570,1,-0.000004,1.000000,0.000000,0.000004,-0.000000,1.000000,1.000000,0.000004,-0.000004,1,1.367406,0.737454,-2.556436,1,0.000409,1.000000,0.000085,-0.000044,-0.000085,1.000000,1.000000,-0.000409,0.000044,1,1.366454,1.220107,-2.556942,1,1.516624,0.919243,-2.835267,1,1.366640,0.888109,-2.555188,1,1.472056,1.705898,-2.751906,1,1.367367,1.684182,-2.556458,1
6,0.876577,-0.469389,-0.106241,0.097874,-0.042273,0.994301,-0.471205,-0.881979,0.008886,1,-3.068274,-0.283486,0.000959,1,0.876577,-0.469389,-0.106241,0.097874,-0.042273,0.994301,-0.471205,-0.881979,0.008886,1,-3.068274,-0.053756,0.000959,1,0.877385,-0.469777,-0.097491,0.086037,-0.045850,0.995236,-0.472009,-0.881594,0.000190,1,-3.068628,0.212276,0.001311,1,-0.000004,-0.000003,-1.000000,-0.000004,1.000000,-0.000003,1.000000,0.000004,-0.000004,1,-0.288097,1.516661,-2.835374,1,-0.000249,0.000100,-1.000000,-0.000069,1.000000,0.000100,1.000000,0.000069,-0.000249,1,-0.602822,1.516909,-2.835422,1,0.000004,-0.000001,1.000000,0.000004,-1.000000,-0.000001,1.000000,0.000004,-0.000004,1,0.256960,-1.366641,-2.555198,1,0.000005,0.000018,1.000000,0.000000,-1.000000,0.000018,1.000000,0.000000,-0.000005,1,0.572559,-1.366622,-2.555204,1,-0.000004,1.000000,0.000000,0.000004,-0.000000,1.000000,1.000000,0.000004,-0.000004,1,1.472057,0.759168,-2.751878,1,0.000339,1.000000,0.000001,-0.000036,-0.000001,1.000000,1.000000,-0.000339,0.000036,1,1.471116,1.241921,-2.752333,1,-0.000004,1.000000,0.000000,0.000004,-0.000000,1.000000,1.000000,0.000004,-0.000004,1,1.367407,0.737452,-2.556436,1,0.000267,1.000000,0.000056,-0.000028,-0.000056,1.000000,1.000000,-0.000267,0.000028,1,1.366782,1.220102,-2.556768,1,1.516631,0.919244,-2.835296,1,1.366646,0.888113,-2.555198,1,1.472056,1.705896,-2.751897,1,1.367381,1.684179,-2.556451,1
7,0.875734,-0.470624,-0.107717,0.099291,-0.042778,0.994138,-0.472473,-0.881296,0.009267,1,-3.067843,-0.288084,0.005405,1,0.875734,-0.470624,-0.107717,0.099291,-0.042778,0.994138,-0.472473,-0.881296,0.009267,1,-3.067843,-0.058344,0.005405,1,0.876812,-0.471141,-0.096063,0.084660,-0.045394,0.995375,-0.473322,-0.880889,0.000085,1,-3.068315,0.216679,0.005778,1,-0.000004,-0.000003,-1.000000,-0.000004,1.000000,-0.000003,1.000000,0.000004,-0.000004,1,-0.287837,1.516765,-2.834945,1,-0.000182,0.000078,-1.000000,-0.000051,1.000000,0.000078,1.000000,0.000051,-0.000182,1,-0.602783,1.516950,-2.834981,1,0.000004,-0.000001,1.000000,0.000004,-1.000000,-0.000001,1.000000,0.000004,-0.000004,1,0.257158,-1.366318,-2.554969,1,0.000004,0.000018,1.000000,0.000001,-1.000000,0.000018,1.000000,0.000001,-0.000004,1,0.572757,-1.366302,-2.554972,1,-0.000004,1.000000,0.000000,0.000004,-0.000000,1.000000,1.000000,0.000004,-0.000004,1,1.472318,0.759041,-2.752144,1,0.000246,1.000000,0.000001,-0.000025,-0.000001,1.000000,1.000000,-0.000246,0.000025,1,1.471632,1.241765,-2.752475,1,-0.000004,1.000000,0.000000,0.000004,-0.000000,1.000000,1.000000,0.000004,-0.000004,1,1.367364,0.737642,-2.556829,1,0.000194,1.000000,0.000041,-0.000019,-0.000041,1.000000,1.000000,-0.000194,0.000019,1,1.366908,1.220291,-2.557071,1,1.516743,0.918984,-2.834889,1,1.366323,0.888310,-2.554969,1,1.472317,1.705768,-2.752157,1,1.367345,1.684370,-2.556840,1
8,0.876577,-0.469389,-0.106239,0.097873,-0.042270,0.994301,-0.471205,-0.881979,0.008888,1,-3.068274,-0.283479,0.000959,1,0.876577,-0.469389,-0.106239,0.097873,-0.042270,0.994301,-0.471205,-0.881979,0.008888,1,-3.068274,-0.053746,0.000959,1,0.877386,-0.469777,-0.097491,0.086037,-0.045850,0.995236,-0.472009,-0.881594,0.000190,1,-3.068628,0.212276,0.001311,1,-0.000004,-0.000003,-1.000000,-0.000004,1.000000,-0.000003,1.000000,0.000004,-0.000004,1,-0.288099,1.516652,-2.835358,1,-0.000134,0.000062,-1.000000,-0.000038,1.000000,0.000062,1.000000,0.000039,-0.000134,1,-0.603207,1.516790,-2.835383,1,0.000004,-0.000001,1.000000,0.000004,-1.000000,-0.000001,1.000000,0.000004,-0.000004,1,0.256965,-1.366649,-2.555214,1,0.000004,0.000018,1.000000,0.000002,-1.000000,0.000018,1.000000,0.000002,-0.000004,1,0.572565,-1.366634,-2.555217,1,-0.000004,1.000000,0.000000,0.000004,-0.000000,1.000000,1.000000,0.000004,-0.000004,1,1.472057,0.759165,-2.751879,1,0.000178,1.000000,0.000001,-0.000018,-0.000001,1.000000,1.000000,-0.000178,0.000018,1,1.471557,1.241868,-2.752120,1,-0.000004,1.000000,0.000000,0.000004,-0.000000,1.000000,1.000000,0.000004,-0.000004,1,1.367407,0.737449,-2.556436,1,0.000140,1.000000,0.000030,-0.000013,-0.000030,1.000000,1.000000,-0.000140,0.000013,1,1.367075,1.220096,-2.556613,1,1.516635,0.919246,-2.835317,1,1.366654,0.888118,-2.555214,1,1.472057,1.705892,-2.751888,1,1.367393,1.684176,-2.556444,1
9,0.875734,-0.470624,-0.107715,0.099291,-0.042775,0.994139,-0.472473,-0.881296,0.009269,1,-3.067843,-0.288078,0.005405,1,0.875734,-0.470624,-0.107715,0.099291,-0.042775,0.994139,-0.472473,-0.881296,0.009269,1,-3.067843,-0.058336,0.005405,1,0.876812,-0.471140,-0.096063,0.084660,-0.045394,0.995375,-0.473322,-0.880889,0.000085,1,-3.068315,0.216679,0.005778,1,-0.000004,-0.000003,-1.000000,-0.000004,1.000000,-0.000003,1.000000,0.000004,-0.000004,1,-0.287838,1.516757,-2.834929,1,-0.000099,0.000050,-1.000000,-0.000029,1.000000,0.000050,1.000000,0.000029,-0.000099,1,-0.603064,1.516861,-2.834948,1,0.000004,-0.000001,1.000000,0.000004,-1.000000,-0.000001,1.000000,0.000004,-0.000004,1,0.257163,-1.366327,-2.554984,1,0.000004,0.000018,1.000000,0.000002,-1.000000,0.000018,1.000000,0.000002,-0.000004,1,0.572763,-1.366313,-2.554986,1,-0.000004,1.000000,0.000000,0.000004,-0.000000,1.000000,1.000000,0.000004,-0.000004,1,1.472318,0.759037,-2.752144,1,0.000129,1.000000,0.000001,-0.000012,-0.000001,1.000000,1.000000,-0.000129,0.000012,1,1.471953,1.241725,-2.752320,1,-0.000004,1.000000,0.000000,0.000004,-0.000000,1.000000,1.000000,0.000004,-0.000004,1,1.367364,0.737639,-2.556829,1,0.000101,1.000000,0.000022,-0.000009,-0.000022,1.000000,1.000000,-0.000101,0.000009,1,1.367122,1.220286,-2.556958,1,1.516743,0.918985,-2.834899,1,1.366332,0.888315,-2.554984,1,1.472318,1.705765,-2.752151,1,1.367354,1.684367,-2.556835,1
10,0.876577,-0.469389,-0.106237,0.097872,-0.042266,0.994301,-0.471205,-0.881979,0.008890,1,-3.068274,-0.283472,0.000958,1,0.876577,-0.469389,-0.106237,0.097872,-0.042266,0.994301,-0.471205,-0.881979,0.008890,1,-3.068274,-0.053736,0.000959,1,0.877386,-0.469777,-0.097491,0.086037,-0.045850,0.995236,-0.472009,-0.881594,0.000190,1,-3.068628,0.212276,0.001311,1,-0.000004,-0.000003,-1.000000,-0.000004,1.000000,-0.000003,1.000000,0.000004,-0.000004,1,-0.288100,1.516644,-2.835342,1,-0.000073,0.000042,-1.000000,-0.000022,1.000000,0.000042,1.000000,0.000022,-0.000073,1,-0.603411,1.516723,-2.835356,1,0.000004,-0.000001,1.000000,0.000004,-1.000000,-0.000001,1.000000,0.000004,-0.000004,1,0.256970,-1.366657,-2.555229,1,0.000004,0.000018,1.000000,0.000003,-1.000000,0.000018,1.000000,0.000003,-0.000004,1,0.572571,-1.366644,-2.555231,1,-0.000004,1.000000,0.000000,0.000004,-0.000000,1.000000,1.000000,0.000004,-0.000004,1,1.472057,0.759162,-2.751879,1,0.000093,1.000000,0.000000,-0.000008,-0.000000,1.000000,1.000000,-0.000093,0.000008,1,1.471791,1.241838,-2.752007,1,-0.000004,1.000000,0.000000,0.000004,-0.000000,1.000000,1.000000,0.000004,-0.000004,1,1.367364,0.737638,-2.556830,1,0.000081,1.000000,0.000017,-0.000006,-0.000017,1.000000,1.000000,-0.000081,0.000006,1,1.367168,1.220285,-2.556934,1,1.516632,0.919247,-2.835320,1,1.366662,0.888122,-2.555229,1,1.472057,1.705890,-2.751884,1,1.367356,1.684366,-2.556834,1
11,0.875723,-0.470641,-0.107730,0.099306,-0.042779,0.994137,-0.472490,-0.881287,0.009275,1,-3.067837,-0.288125,0.005466,1,0.875723,-0.470641,-0.107730,0.099306,-0.042779,0.994137,-0.472490,-0.881287,0.009275,1,-3.067837,-0.058379,0.005466,1,0.876804,-0.471159,-0.096043,0.084641,-0.045388,0.995377,-0.473340,-0.880880,0.000083,1,-3.068311,0.216740,0.005839,1,-0.000004,-0.000003,-1.000000,-0.000004,1.000000,-0.000003,1.000000,0.000004,-0.000004,1,-0.287836,1.516750,-2.834907,1,-0.000054,0.000036,-1.000000,-0.000017,1.000000,0.000036,1.000000,0.000017,-0.000054,1,-0.603210,1.516811,-2.834917,1,0.000004,-0.000001,1.000000,0.000004,-1.000000,-0.000001,1.000000,0.000004,-0.000004,1,0.257170,-1.366330,-2.554996,1,0.000004,0.000018,1.000000,0.000003,-1.000000,0.000018,1.000000,0.000003,-0.000004,1,0.572771,-1.366318,-2.554997,1,-0.000004,1.000000,0.000000,0.000004,-0.000000,1.000000,1.000000,0.000004,-0.000004,1,1.472322,0.759033,-2.752148,1,0.000067,1.000000,0.000000,-0.000005,-0.000000,1.000000,1.000000,-0.000067,0.000005,1,1.472128,1.241700,-2.752241,1,-0.000004,1.000000,0.000000,0.000004,-0.000000,1.000000,1.000000,0.000004,-0.000004,1,1.367363,0.737639,-2.556835,1,0.000052,1.000000,0.000011,-0.000003,-0.000011,1.000000,1.000000,-0.000052,0.000003,1,1.367235,1.220285,-2.556904,1,1.516740,0.918983,-2.834892,1,1.366335,0.888322,-2.554996,1,1.472321,1.705760,-2.752152,1,1.367358,1.684367,-2.556838,1
12,0.876566,-0.469406,-0.106252,0.097886,-0.042272,0.994299,-0.471222,-0.881970,0.008894,1,-3.068269,-0.283520,0.001019,1,0.876566,-0.469406,-0.106252,0.097886,-0.042272,0.994299,-0.471222,-0.881970,0.008894,1,-3.068269,-0.053780,0.001019,1,0.877378,-0.469795,-0.097471,0.086018,-0.045843,0.995238,-0.472027,-0.881584,0.000189,1,-3.068624,0.212336,0.001372,1,-0.000004,-0.000003,-1.000000,-0.000004,1.000000,-0.000003,1.000000,0.000004,-0.000004,1,-0.288098,1.516637,-2.835320,1,-0.000040,0.000031,-1.000000,-0.000014,1.000000,0.000031,1.000000,0.000014,-0.000040,1,-0.603517,1.516685,-2.835328,1,0.000004,-0.000001,1.000000,0.000004,-1.000000,-0.000001,1.000000,0.000004,-0.000004,1,0.256977,-1.366661,-2.555241,1,0.000004,0.000018,1.000000,0.000003,-1.000000,0.000018,1.000000,0.000003,-0.000004,1,0.572578,-1.366649,-2.555242,1,0.494578,0.116513,-0.861288,0.851304,-0.264634,0.453045,-0.175141,-0.957284,-0.230071,1,-1.843369,-2.388309,-1.101866,1,0.383110,-0.028223,-0.923271,0.847384,-0.387093,0.363454,-0.367650,-0.921608,-0.124383,1,-1.839797,-2.123136,-0.503142,1,0.803928,-0.086629,-0.588384,0.556675,-0.238589,0.795731,-0.209315,-0.967249,-0.143584,1,-2.607559,-1.162540,-0.893397,1,0.731934,-0.284563,-0.619110,0.461456,-0.461508,0.757673,-0.501330,-0.840258,-0.206480,1,-2.725175,-0.783885,-0.136850,1,1.516629,0.919245,-2.835309,1,1.366666,0.888130,-2.555241,1,1.148209,1.167262,-1.904634,1,1.038073,1.473126,-2.073616,1
13,0.838927,0.060381,0.540884,-0.502127,0.469215,0.726434,-0.209928,-0.881017,0.423956,1,-1.713343,1.301900,-0.441141,1,0.838927,0.060381,0.540884,-0.502127,0.469215,0.726434,-0.209928,-0.881017,0.423956,1,-1.713342,1.713740,-0.441139,1,0.982235,-0.131832,-0.133546,0.137339,0.020071,0.990321,-0.127876,-0.991069,0.037821,1,-2.327225,0.087382,-0.792618,1,-0.048490,0.187914,-0.980988,0.113740,0.976793,0.181488,0.992327,-0.102777,-0.068738,1,0.173896,0.843389,-2.463399,1,-0.395893,0.221152,-0.891269,0.028545,0.973062,0.228768,0.917853,0.065126,-0.391541,1,0.813606,1.057777,-2.236946,1,0.000004,-0.000001,1.000000,0.000004,-1.000000,-0.000001,1.000000,0.000004,-0.000004,1,0.110539,-1.068952,-2.053550,1,0.000004,0.000018,1.000000,0.000003,-1.000000,0.000018,1.000000,0.000003,-0.000004,1,0.426135,-1.068943,-2.053550,1,0.281738,-0.365070,-0.887326,0.365108,-0.814427,0.451004,-0.887310,-0.451035,-0.096165,1,-1.585802,-1.446349,1.428352,1,0.281624,-0.364600,-0.887555,0.358030,-0.818260,0.449739,-0.890226,-0.444429,-0.099904,1,-1.585420,-0.952895,1.436007,1,0.281738,-0.365070,-0.887326,0.365108,-0.814427,0.451004,-0.887310,-0.451035,-0.096165,1,-1.493291,-1.361683,1.261586,1,0.281624,-0.364600,-0.887555,0.358030,-0.818260,0.449739,-0.890226,-0.444429,-0.099904,1,-1.492871,-0.997743,1.269608,1,1.038949,0.491790,-2.301073,1,1.068957,0.741691,-2.053550,1,0.339825,1.043840,-1.899876,1,0.516645,0.903236,-1.785453,1
14,0.939334,0.327124,-0.103160,0.026576,0.230439,0.972724,0.341974,-0.916454,0.207765,1,-1.431603,-0.117736,-1.207487,1,0.939334,0.327124,-0.103160,0.026576,0.230439,0.972724,0.341974,-0.916454,0.207765,1,-1.431604,0.122734,-1.207487,1,0.934395,0.314320,-0.167658,0.122934,0.157217,0.979883,0.334355,-0.936208,0.108262,1,-1.432519,0.145157,-1.208900,1,0.176022,0.159876,-0.971317,0.643753,0.727786,0.236452,0.744714,-0.666908,0.025186,1,-0.278533,-0.767256,-1.827982,1,-0.377520,0.619503,-0.688255,0.603678,0.728253,0.324377,0.702176,-0.293026,-0.648910,1,0.886296,-0.662535,-1.731882,1,0.000004,-0.000001,1.000000,0.000004,-1.000000,-0.000001,1.000000,0.000004,-0.000004,1,-0.010698,-0.716991,-1.604563,1,0.000004,0.000018,1.000000,0.000003,-1.000000,0.000018,1.000000,0.000003,-0.000004,1,0.304891,-0.716985,-1.604563,1,0.435790,0.664541,-0.607019,0.493752,0.387375,0.778556,0.752527,-0.639004,-0.159304,1,-0.619406,-0.219869,-1.885195,1,0.439516,0.248738,-0.863108,0.779810,0.371216,0.504079,0.445783,-0.894611,-0.030813,1,-1.164335,-0.423674,-1.618831,1,0.782269,0.172932,-0.598456,0.606190,-0.432605,0.667372,-0.143485,-0.884843,-0.443243,1,-1.439380,-1.053965,-0.733070,1,0.622006,-0.130087,-0.772131,0.541712,-0.640534,0.544303,-0.565383,-0.756832,-0.327946,1,-1.556117,-0.716754,0.019346,1,0.403225,0.488718,-1.846532,1,0.716996,0.620454,-1.604563,1,1.173614,1.075193,-1.201880,1,0.349638,1.057648,-1.115730,1
15,0.897680,0.380528,-0.222193,0.183984,0.134515,0.973681,0.400401,-0.914934,0.050741,1,-1.324640,-0.464828,-1.094415,1,0.897680,0.380528,-0.222193,0.183984,0.134515,0.973681,0.400401,-0.914934,0.050741,1,-1.324640,-0.235723,-1.094415,1,0.901890,0.384178,-0.197490,0.148427,0.153738,0.976900,0.405665,-0.910369,0.081632,1,-1.329745,0.073521,-1.100798,1,0.406707,-0.104212,-0.907595,0.830736,0.455524,0.319961,0.380088,-0.884103,0.271837,1,-0.818714,-1.312908,-1.035853,1,-0.187458,0.770133,-0.609717,0.830736,0.455524,0.319961,0.524153,-0.446534,-0.725169,1,0.514962,-1.312908,-1.419034,1,0.000004,-0.000001,1.000000,0.000004,-1.000000,-0.000001,1.000000,0.000004,-0.000004,1,-0.022853,-0.528040,-1.523980,1,0.000004,0.000018,1.000000,0.000003,-1.000000,0.000018,1.000000,0.000003,-0.000004,1,0.292733,-0.528034,-1.523980,1,0.609366,0.591724,-0.527765,0.580142,0.120978,0.805481,0.540470,-0.797011,-0.269564,1,-1.006270,-0.521529,-1.449768,1,0.456974,0.564474,-0.687418,0.574920,0.402255,0.712501,0.678706,-0.720805,-0.140708,1,-0.968635,0.045600,-1.710858,1,0.634890,0.738206,-0.227960,0.435669,-0.098406,0.894711,0.638049,-0.667359,-0.384091,1,-0.596779,-0.313556,-1.576053,1,0.799178,0.267387,-0.538348,0.600912,-0.377457,0.704579,-0.014808,-0.886584,-0.462331,1,-1.369159,-0.383166,-0.920471,1,0.204586,0.475162,-1.875607,1,0.528045,0.608299,-1.523980,1,0.891452,1.269732,-1.310785,1,0.419440,1.219655,-1.031951,1
16,0.907010,0.359057,-0.220026,0.187570,0.123332,0.974478,0.377029,-0.925131,0.044515,1,-1.394554,-0.489641,-0.902106,1,0.907010,0.359057,-0.220026,0.187570,0.123332,0.974478,0.377029,-0.925131,0.044515,1,-1.394554,-0.260659,-0.902106,1,0.913274,0.364157,-0.182536,0.139027,0.142553,0.979975,0.382886,-0.920363,0.079562,1,-1.402901,0.066442,-0.909909,1,0.338583,-0.101282,-0.935470,0.656311,0.737834,0.157660,0.674253,-0.667340,0.316290,1,-0.674589,-0.997621,-1.363792,1,-0.317044,0.459318,-0.829765,0.656311,0.737834,0.157660,0.684645,-0.494599,-0.535381,1,0.425578,-0.997621,-1.656095,1,0.000004,-0.000001,1.000000,0.000004,-1.000000,-0.000001,1.000000,0.000004,-0.000004,1,-0.017073,-0.361036,-1.505074,1,0.000004,0.000018,1.000000,0.000004,-1.000000,0.000018,1.000000,0.000004,-0.000004,1,0.298509,-0.361030,-1.505074,1,0.467849,0.822696,-0.322937,0.374722,0.146279,0.915525,0.800438,-0.549339,-0.239846,1,-0.637958,-0.110662,-1.674815,1,0.584896,0.655207,-0.478122,0.532398,0.134586,0.835726,0.611922,-0.743365,-0.270112,1,-1.035953,0.054595,-1.508041,1,0.363604,0.927981,-0.081509,0.238796,-0.008275,0.971034,0.900427,-0.372536,-0.224607,1,-0.144596,0.092394,-1.609480,1,0.747449,0.568699,-0.343368,0.528452,-0.195782,0.826080,0.402566,-0.798906,-0.446867,1,-1.077811,-0.041614,-1.333639,1,0.138915,0.628395,-1.827163,1,0.414785,0.612773,-1.505275,1,0.512072,1.336120,-1.252589,1,0.369794,1.315034,-1.119236,1
17,0.920251,0.317822,-0.228315,0.194593,0.134539,0.971614,0.339518,-0.938556,0.061963,1,-1.464251,-0.514987,-0.687640,1,0.920251,0.317822,-0.228315,0.194593,0.134539,0.971614,0.339518,-0.938556,0.061963,1,-1.464251,-0.284740,-0.687640,1,0.926685,0.323143,-0.191920,0.149935,0.150397,0.977190,0.344637,-0.934323,0.090920,1,-1.473478,0.031612,-0.694980,1,0.186047,-0.019670,-0.982344,0.368373,0.928268,0.051179,0.910872,-0.371390,0.179947,1,-0.379777,-0.573365,-1.652777,1,-0.271754,0.322755,-0.906630,0.492099,0.856209,0.157304,0.827036,-0.403404,-0.391506,1,0.209370,-0.770820,-1.704681,1,0.000004,-0.000001,1.000000,0.000004,-1.000000,-0.000001,1.000000,0.000004,-0.000004,1,-0.016231,-0.194363,-1.485367,1,0.000004,0.000018,1.000000,0.000004,-1.000000,0.000018,1.000000,0.000004,-0.000004,1,0.299348,-0.194357,-1.485367,1,0.830063,0.389130,-0.399466,0.396666,0.091513,0.913390,0.391984,-0.916626,-0.078392,1,-1.517222,-0.181663,-0.856659,1,0.842362,-0.085687,-0.532056,0.532847,-0.015272,0.846074,-0.080623,-0.996205,0.032794,1,-1.766679,0.012434,-0.071463,1,0.830063,0.389130,-0.399466,0.396666,0.091513,0.913390,0.391984,-0.916626,-0.078392,1,-1.300928,-0.132275,-0.838384,1,0.842362,-0.085687,-0.532056,0.532847,-0.015272,0.846074,-0.080623,-0.996205,0.032794,1,-1.576339,0.085109,-0.161158,1,-0.006581,0.642422,-1.760292,1,0.194368,0.614920,-1.485367,1,0.215301,1.340792,-1.228516,1,0.287235,1.298068,-1.022225,1
18,0.928379,0.269843,-0.255533,0.231344,0.118494,0.965629,0.290848,-0.955585,0.047581,1,-1.504059,-0.599204,-0.448756,1,0.928379,0.269843,-0.255533,0.231344,0.118494,0.965629,0.290848,-0.955585,0.047581,1,-1.504060,-0.370299,-0.448755,1,0.936090,0.275195,-0.219097,0.178274,0.165790,0.969913,0.303239,-0.946986,0.106134,1,-1.516409,-0.044745,-0.468599,1,0.096629,-0.001141,-0.995320,0.193279,0.980985,0.017639,0.976374,-0.194079,0.095013,1,-0.211395,-0.404917,-1.706663,1,-0.217747,0.225724,-0.949545,0.361640,0.922298,0.136317,0.906533,-0.313710,-0.282459,1,0.038925,-0.661219,-1.707521,1,0.000004,-0.000001,1.000000,0.000004,-1.000000,-0.000001,1.000000,0.000004,-0.000004,1,-0.030287,-0.023924,-1.460017,1,0.000004,0.000018,1.000000,0.000004,-1.000000,0.000018,1.000000,0.000004,-0.000004,1,0.291724,-0.078659,-1.466620,1,0.804808,-0.298875,0.512795,-0.553299,-0.065101,0.830435,-0.214812,-0.952069,-0.217761,1,-1.087975,1.319952,0.164786,1,0.804808,-0.298875,0.512795,-0.553300,-0.065101,0.830434,-0.214812,-0.952069,-0.217761,1,-1.087975,1.802598,0.164785,1,0.804808,-0.298875,0.512795,-0.553299,-0.065101,0.830435,-0.214812,-0.952069,-0.217761,1,-0.962566,1.161330,0.071707,1,0.804808,-0.298875,0.512795,-0.553300,-0.065101,0.830434,-0.214812,-0.952069,-0.217761,1,-0.962566,1.464901,0.071706,1,-0.136615,0.654855,-1.726811,1,0.078670,0.607298,-1.466620,1,0.020726,1.288529,-2.165167,1,0.105054,0.949684,-1.762122,1
19,0.963219,0.174989,-0.203930,0.184470,0.121237,0.975332,0.195396,-0.977078,0.084498,1,-1.583666,-0.551757,-0.143352,1,0.963219,0.174989,-0.203930,0.184470,0.121237,0.975332,0.195396,-0.977078,0.084498,1,-1.583666,-0.323525,-0.143352,1,0.969242,0.179995,-0.167843,0.141627,0.149820,0.978517,0.201274,-0.972191,0.119720,1,-1.594434,-0.018339,-0.153861,1,0.049559,0.001780,-0.998770,0.099639,0.995001,0.006717,0.993789,-0.099849,0.049134,1,-0.110866,-0.381029,-1.738859,1,-0.168261,0.158308,-0.972947,0.263445,0.958340,0.110372,0.949887,-0.237747,-0.202956,1,-0.060723,-0.631188,-1.717144,1,-0.072434,0.214919,0.973942,-0.601024,-0.788695,0.129341,0.795942,-0.575994,0.186300,1,0.042512,0.985985,-1.079248,1,0.323066,-0.359410,0.875473,-0.620821,-0.778701,-0.090587,0.714289,-0.514247,-0.474701,1,-0.234132,0.961238,-1.123694,1,0.863713,-0.441364,0.243306,-0.469788,-0.530275,0.705768,-0.182481,-0.723883,-0.665353,1,-1.256434,1.186949,0.068644,1,0.762945,-0.642336,0.072932,-0.139180,-0.053037,0.988846,-0.631303,-0.764586,-0.129865,1,-1.131208,1.099878,1.371685,1,0.863713,-0.441364,0.243306,-0.469788,-0.530275,0.705768,-0.182481,-0.723883,-0.665353,1,-1.092933,1.034311,0.024059,1,0.762945,-0.642336,0.072932,-0.139180,-0.053037,0.988846,-0.631303,-0.764586,-0.129865,1,-0.991711,1.029080,1.205713,1,-0.256211,0.644953,-1.734063,1,-0.193235,0.501339,-1.379106,1,-0.405096,1.285874,-1.946676,1,-0.238490,1.206484,-1.798743,1
20,0.951166,0.249730,-0.181436,0.151452,0.134609,0.979256,0.268972,-0.958914,0.090214,1,-1.618823,-0.517952,-0.117780,1,0.951166,0.249730,-0.181436,0.151452,0.134609,0.979256,0.268972,-0.958914,0.090214,1,-1.618823,-0.290033,-0.117780,1,0.955158,0.253732,-0.152618,0.120434,0.137954,0.983089,0.270496,-0.957386,0.101210,1,-1.626622,0.000216,-0.120755,1,0.025358,0.001531,-0.999677,0.051118,0.998689,0.002826,0.998371,-0.051173,0.025247,1,-0.069547,-0.461921,-1.749225,1,-0.127329,0.111660,-0.985555,0.191275,0.977756,0.086064,0.973243,-0.177554,-0.145854,1,-0.149593,-0.675309,-1.715534,1,0.146080,0.267188,0.952508,-0.945254,-0.246317,0.214062,0.291813,-0.931632,0.216579,1,-0.314988,1.444720,-0.162286,1,0.237282,-0.497901,0.834141,-0.961565,-0.242508,0.128776,0.138168,-0.832637,-0.536307,1,-0.020030,1.445425,-0.156144,1,0.352731,0.675373,-0.647651,0.910155,-0.086934,0.405044,0.217253,-0.732334,-0.645358,1,-1.101759,-1.290237,-0.464049,1,0.319127,0.607822,-0.727125,0.946151,-0.160318,0.281241,0.054373,-0.777721,-0.626253,1,-1.090711,-0.944190,-0.231906,1,0.798351,0.505005,0.328034,-0.099528,-0.426587,0.898954,0.593911,-0.750329,-0.290303,1,-1.127449,0.655144,-0.817409,1,0.992637,-0.082746,0.088461,-0.094743,-0.075346,0.992646,-0.075473,-0.993718,-0.082631,1,-1.372494,1.058988,0.478189,1,-0.407622,0.650542,-1.739575,1,-0.364811,0.511621,-1.342678,1,-0.400621,0.794504,-0.844489,1,-0.476369,1.350939,-1.542785,1
21,0.961216,0.200334,-0.189550,0.161233,0.149419,0.975540,0.223757,-0.968267,0.111323,1,-1.623836,-0.558600,0.103569,1,0.961216,0.200334,-0.189550,0.161233,0.149419,0.975540,0.223757,-0.968267,0.111323,1,-1.623836,-0.329921,0.103569,1,0.965349,0.204314,-0.162347,0.136045,0.136869,0.981203,0.222694,-0.969290,0.104331,1,-1.632370,-0.042625,0.105763,1,0.012973,0.000946,-0.999915,0.026188,0.999656,0.001286,0.999573,-0.026203,0.012944,1,-0.047256,-0.553976,-1.734721,1,-0.095140,0.079250,-0.992304,0.138766,0.988149,0.065614,0.985745,-0.131455,-0.105010,1,-0.210534,-0.723645,-1.696999,1,0.253709,0.344045,0.904027,-0.957656,0.220855,0.184709,-0.136111,-0.912610,0.385510,1,-0.541677,1.269124,0.586597,1,0.189367,-0.081915,0.978484,-0.954285,0.219343,0.203047,-0.231257,-0.972203,-0.036634,1,0.004591,1.269444,0.635088,1,0.373483,0.847922,-0.376216,0.689687,0.017401,0.723898,0.620356,-0.529835,-0.578302,1,-1.159699,-0.779524,-1.066972,1,0.399049,0.714277,-0.574951,0.870945,-0.099184,0.481266,0.286732,-0.692799,-0.661676,1,-1.302995,-0.686565,-0.634271,1,0.463659,0.861057,0.208810,0.001576,-0.236474,0.971636,0.886013,-0.450179,-0.111000,1,-0.895263,0.529123,-1.132641,1,0.930531,0.357221,0.080656,-0.058324,-0.072872,0.995634,0.361539,-0.931173,-0.046975,1,-1.422939,1.036931,-0.089809,1,-0.533678,0.652776,-1.723174,1,-0.364755,0.542302,-1.298711,1,-0.469207,1.061763,-0.895599,1,-0.513336,1.374334,-1.471418,1
22,0.988880,0.100524,-0.109596,0.093493,0.152886,0.983811,0.115652,-0.983118,0.141787,1,-1.624426,-0.469258,0.428147,1,0.988880,0.100524,-0.109596,0.093493,0.152886,0.983811,0.115652,-0.983118,0.141787,1,-1.624425,-0.240221,0.428147,1,0.991532,0.105308,-0.075987,0.062253,0.128066,0.989810,0.113967,-0.986159,0.120426,1,-1.631504,0.065756,0.432646,1,0.006637,0.000527,-0.999978,0.013410,0.999910,0.000616,0.999888,-0.013414,0.006630,1,-0.026746,-0.661474,-1.732836,1,-0.070523,0.056573,-0.995905,0.100701,0.993694,0.049316,0.992414,-0.096811,-0.075776,1,-0.242201,-0.793631,-1.693795,1,0.264775,0.508009,0.819647,-0.942215,0.317200,0.107771,-0.205243,-0.800819,0.562641,1,-0.690076,1.142469,0.768613,1,0.197172,0.153921,0.968211,-0.948680,0.279023,0.148837,-0.247244,-0.947869,0.201037,1,-0.092785,1.196721,0.769074,1,0.956488,-0.291397,0.014757,-0.235381,-0.740756,0.629188,-0.172412,-0.605284,-0.777113,1,-1.425224,1.091396,0.229207,1,0.878790,-0.436338,-0.193228,-0.077284,-0.529698,0.844658,-0.470909,-0.727344,-0.499215,1,-1.323096,1.276466,1.086948,1,0.956488,-0.291397,0.014757,-0.235381,-0.740756,0.629188,-0.172412,-0.605284,-0.777113,1,-1.226561,1.000907,0.186556,1,0.878790,-0.436338,-0.193228,-0.077284,-0.529698,0.844658,-0.470909,-0.727344,-0.499215,1,-1.142152,1.223432,0.968961,1,-0.656197,0.644696,-1.721534,1,-0.361484,0.543955,-1.282441,1,-1.135226,1.183200,-1.809101,1,-1.100270,1.162342,-1.590430,1
23,0.992136,0.081877,-0.094670,0.088957,0.070810,0.993515,0.088049,-0.994124,0.062970,1,-1.611330,-0.432941,0.565100,1,0.992136,0.081877,-0.094670,0.088957,0.070810,0.993515,0.088049,-0.994124,0.062970,1,-1.611330,-0.200679,0.565100,1,0.994923,0.084613,-0.054492,0.049085,0.064726,0.996695,0.087860,-0.994309,0.060244,1,-1.618085,0.107244,0.565558,1,0.004246,0.000348,-0.999991,0.008582,0.999963,0.000384,0.999954,-0.008583,0.004243,1,-0.005281,-0.736611,-1.723612,1,-0.057589,0.045311,-0.997312,0.081351,0.995860,0.040548,0.995020,-0.078798,-0.061037,1,-0.245427,-0.847048,-1.684832,1,0.275443,0.517304,0.810264,-0.937585,0.330691,0.107599,-0.212286,-0.789329,0.576103,1,-0.762008,1.084335,0.834175,1,0.164049,0.386822,0.907445,-0.951808,0.303721,0.042600,-0.259131,-0.870702,0.418006,1,-0.202005,1.101667,0.900768,1,0.264641,0.720986,-0.640425,0.882599,0.086503,0.462099,0.388566,-0.687529,-0.613450,1,-1.236917,-1.299227,-0.462633,1,0.234876,0.659869,-0.713727,0.938081,0.038471,0.344274,0.254633,-0.750395,-0.609974,1,-1.211206,-0.951097,-0.253399,1,0.938596,-0.340326,0.056714,-0.253751,-0.569542,0.781814,-0.233770,-0.748198,-0.620928,1,-1.091023,1.105841,0.546330,1,0.841274,-0.539401,-0.036112,-0.312248,-0.539353,0.782049,-0.441315,-0.646641,-0.622170,1,-0.830190,1.651193,0.772297,1,-0.736194,0.627979,-1.713048,1,-0.406556,0.524655,-1.263701,1,-0.628382,0.846344,-0.819561,1,-1.192467,1.203721,-1.699743,1
24,0.975334,0.047290,0.215610,-0.219789,0.117730,0.968417,0.020413,-0.991919,0.125220,1,-1.473553,0.092277,0.880482,1,0.975334,0.047290,0.215610,-0.219789,0.117730,0.968417,0.020413,-0.991919,0.125220,1,-1.473553,0.317434,0.880482,1,0.973487,0.048235,0.223598,-0.227701,0.111201,0.967361,0.021796,-0.992627,0.119236,1,-1.470860,0.575750,0.878465,1,0.001737,0.000147,-0.999998,0.003513,0.999994,0.000154,0.999992,-0.003513,0.001736,1,-0.066424,-0.919332,-1.644679,1,-0.038218,0.029224,-0.998842,0.053145,0.998217,0.027172,0.997855,-0.052045,-0.039703,1,-0.342258,-0.989289,-1.612523,1,-0.007829,0.342597,0.939450,-0.792769,-0.574730,0.202985,0.609472,-0.743178,0.276099,1,-0.168962,1.598071,-0.105684,1,0.035614,0.346141,0.937506,-0.966384,-0.227087,0.120555,0.254625,-0.910284,0.326418,1,0.085088,1.519189,0.520882,1,0.199332,0.919802,-0.337982,0.498539,0.201745,0.843065,0.843639,-0.336547,-0.418342,1,-1.311538,-0.567062,-1.376685,1,0.216977,0.805001,-0.552172,0.754154,0.220920,0.618422,0.619816,-0.550606,-0.559160,1,-1.453191,-0.686421,-1.019599,1,0.686619,0.701752,0.189999,0.047536,-0.304115,0.951449,0.725462,-0.644251,-0.242169,1,-1.506353,0.748225,-0.679532,1,0.976498,0.151304,0.153491,-0.065356,-0.470756,0.879839,0.205380,-0.869193,-0.449804,1,-1.423490,1.487108,0.089943,1,-0.922821,0.694207,-1.636505,1,-0.680449,0.728791,-1.321226,1,-0.657538,1.235027,-1.114958,1,-1.212087,1.457778,-1.499094,1
