0,0.684813,0.043403,0.727425,0.715213,0.151262,-0.682341,-0.139648,0.987540,0.072544,1,2.718018,-0.606544,0.418909,1,0.684813,0.043403,0.727425,0.715213,0.151262,-0.682341,-0.139648,0.987540,0.072544,1,2.708651,-0.639192,0.205760,1,0.684538,0.086525,0.723824,0.714648,0.116251,-0.689757,-0.143827,0.989444,0.017743,1,2.689919,-0.664359,-0.008438,1,-0.000003,-0.000004,1.000000,-0.000003,1.000000,0.000004,-1.000000,-0.000003,-0.000003,1,2.814727,-0.528449,0.183472,1,-0.000147,-0.000094,1.000000,0.000152,1.000000,0.000094,-1.000000,0.000152,-0.000147,1,2.814726,-0.528450,-0.099636,1,0.252404,-0.962303,0.101316,0.104826,-0.076896,-0.991513,0.961927,0.260883,0.081466,1,2.602574,-0.749935,0.228047,1,0.197836,-0.979539,-0.036941,-0.400784,-0.046439,-0.914995,0.894558,0.195824,-0.401771,1,2.533935,-0.778441,-0.033538,1,0.445419,0.133496,0.885314,0.879877,-0.248149,-0.405265,0.165588,0.959480,-0.227990,1,2.739582,-0.618123,-0.237006,1,0.478446,-0.107127,0.871558,0.878010,0.073857,-0.472910,-0.013709,0.991498,0.129395,1,2.681785,-0.510687,-0.652411,1,0.620748,0.168067,0.765785,0.780559,-0.224033,-0.583555,0.073485,0.959981,-0.270254,1,2.602794,-0.760928,-0.208266,1,0.642989,-0.117391,0.756825,0.765106,0.142746,-0.627883,-0.034325,0.982773,0.181601,1,2.530025,-0.663926,-0.623918,1,2.814685,-0.528408,-0.382743,1,2.473005,-0.655005,-0.309049,1,2.726377,-0.541430,-1.065122,1,2.578888,-0.723342,-1.032988,1
1,0.683248,0.044410,0.728835,0.717113,0.147225,-0.681230,-0.137556,0.988106,0.068744,1,2.718235,-0.606775,0.417808,1,0.683248,0.044410,0.728835,0.717113,0.147225,-0.681230,-0.137556,0.988106,0.068744,1,2.708641,-0.638583,0.204323,1,0.682783,0.089450,0.725125,0.716204,0.114245,-0.688476,-0.144426,0.989417,0.013940,1,2.689276,-0.663316,-0.009872,1,-0.000003,-0.000004,1.000000,-0.000003,1.000000,0.000004,-1.000000,-0.000003,-0.000003,1,2.814447,-0.527597,0.181943,1,-0.000132,-0.000085,1.000000,0.000138,1.000000,0.000085,-1.000000,0.000138,-0.000132,1,2.814446,-0.527598,-0.101165,1,0.256024,-0.965673,-0.043912,0.108902,0.073950,-0.991298,0.960517,0.249014,0.124096,1,2.602834,-0.749569,0.226704,1,0.199075,-0.965673,-0.166870,-0.405130,0.073950,-0.911264,0.892322,0.249014,-0.376501,1,2.532957,-0.779292,-0.035452,1,0.444922,0.129219,0.886198,0.879200,-0.251355,-0.404757,0.170448,0.959230,-0.225443,1,2.738132,-0.616489,-0.238498,1,0.481687,-0.101535,0.870441,0.875792,0.090983,-0.474036,-0.031064,0.990663,0.132749,1,2.682185,-0.507661,-0.653809,1,0.619567,0.160600,0.768338,0.781509,-0.217672,-0.584690,0.073345,0.962718,-0.260373,1,2.601690,-0.759609,-0.209637,1,0.639814,-0.102683,0.761639,0.767745,0.130193,-0.627390,-0.034738,0.986157,0.162134,1,2.532157,-0.665365,-0.626458,1,2.814409,-0.527559,-0.384273,1,2.471640,-0.654509,-0.310294,1,2.724446,-0.545531,-1.066147,1,2.574894,-0.719552,-1.036903,1
2,0.703024,0.044984,0.709742,0.697409,0.151738,-0.700426,-0.139203,0.987397,0.075303,1,2.722264,-0.597146,0.416370,1,0.703024,0.044984,0.709742,0.697409,0.151738,-0.700426,-0.139203,0.987397,0.075303,1,2.712545,-0.629928,0.203049,1,0.702961,0.084562,0.706184,0.697278,0.113753,-0.707717,-0.140176,0.989904,0.021001,1,2.694239,-0.654555,-0.011255,1,-0.000004,-0.000004,1.000000,-0.000003,1.000000,0.000004,-1.000000,-0.000003,-0.000004,1,2.821472,-0.521882,0.181328,1,-0.000097,-0.000063,1.000000,0.000106,1.000000,0.000063,-1.000000,0.000106,-0.000097,1,2.821471,-0.521883,-0.101780,1,0.270688,-0.959894,-0.073021,0.095923,0.102370,-0.990111,0.957876,0.261006,0.119786,1,2.603619,-0.737974,0.224769,1,0.216682,-0.957928,-0.188207,-0.360249,0.100722,-0.927403,0.907342,0.268753,-0.323268,1,2.529666,-0.764181,-0.036927,1,0.463291,0.145100,0.874247,0.874358,-0.235615,-0.424245,0.144428,0.960954,-0.236027,1,2.746168,-0.609513,-0.239565,1,0.492471,-0.119485,0.862088,0.870305,0.074845,-0.486792,-0.006358,0.990011,0.140847,1,2.683349,-0.507507,-0.655599,1,0.635812,0.172118,0.752409,0.770064,-0.207615,-0.603239,0.052383,0.962949,-0.264546,1,2.605696,-0.748850,-0.211554,1,0.652284,-0.121604,0.748157,0.757470,0.140600,-0.637551,-0.027662,0.982570,0.183822,1,2.531192,-0.658980,-0.628382,1,2.821443,-0.521853,-0.384888,1,2.462941,-0.653247,-0.316331,1,2.733081,-0.538659,-1.067663,1,2.581808,-0.717503,-1.037359,1
3,0.696572,0.037074,0.716528,0.704845,0.151284,-0.693042,-0.134093,0.987795,0.079249,1,2.719265,-0.593529,0.419860,1,0.696572,0.037074,0.716528,0.704845,0.151284,-0.693042,-0.134093,0.987795,0.079249,1,2.711221,-0.626354,0.205533,1,0.696323,0.078742,0.713396,0.704269,0.116625,-0.700288,-0.138342,0.990050,0.025753,1,2.694174,-0.651602,-0.008804,1,-0.000004,-0.000004,1.000000,-0.000003,1.000000,0.000004,-1.000000,-0.000003,-0.000004,1,2.819115,-0.517228,0.184097,1,-0.000072,-0.000047,1.000000,0.000082,1.000000,0.000047,-1.000000,0.000082,-0.000072,1,2.819114,-0.517229,-0.099011,1,0.265103,-0.961887,-0.067036,0.086467,0.092959,-0.991908,0.960335,0.257161,0.107815,1,2.603326,-0.735480,0.226968,1,0.216420,-0.961262,-0.170697,-0.325820,0.093704,-0.940777,0.920328,0.259219,-0.292919,1,2.531152,-0.759020,-0.034484,1,0.454075,0.151661,0.877960,0.878551,-0.240129,-0.412900,0.148203,0.958821,-0.242279,1,2.746694,-0.606490,-0.236962,1,0.490195,-0.120912,0.863185,0.871054,0.103399,-0.480180,-0.031193,0.987263,0.156007,1,2.681028,-0.502520,-0.652107,1,0.626136,0.180499,0.758534,0.778354,-0.202137,-0.594396,0.046039,0.962580,-0.267057,1,2.607560,-0.747212,-0.209319,1,0.641781,-0.125819,0.756496,0.766375,0.141282,-0.626664,-0.028033,0.981942,0.187096,1,2.529411,-0.659694,-0.626079,1,2.819094,-0.517206,-0.382119,1,2.464499,-0.658675,-0.317925,1,2.731353,-0.545556,-1.063016,1,2.581782,-0.718501,-1.034800,1
4,0.704639,0.080341,0.705003,0.691978,0.142036,-0.707808,-0.157002,0.986596,0.044490,1,2.742175,-0.594593,0.426168,1,0.704639,0.080341,0.705003,0.691978,0.142036,-0.707808,-0.157002,0.986596,0.044490,1,2.724784,-0.625339,0.212606,1,0.703999,0.116925,0.700510,0.691146,0.114155,-0.713642,-0.163410,0.986558,-0.000447,1,2.699481,-0.650042,-0.000884,1,-0.000004,-0.000004,1.000000,-0.000003,1.000000,0.000004,-1.000000,-0.000003,-0.000004,1,2.833852,-0.518261,0.187290,1,-0.000059,-0.000039,1.000000,0.000070,1.000000,0.000039,-1.000000,0.000070,-0.000059,1,2.824379,-0.516542,-0.097809,1,0.273887,-0.959360,-0.067926,0.088279,0.095406,-0.991516,0.957702,0.265567,0.110822,1,2.608756,-0.734233,0.231659,1,0.213157,-0.961358,-0.174227,-0.325109,0.098370,-0.940546,0.921340,0.257127,-0.291578,1,2.532218,-0.758902,-0.035970,1,0.459778,0.154297,0.874526,0.874792,-0.248126,-0.416140,0.152784,0.956361,-0.249061,1,2.746647,-0.607274,-0.234426,1,0.497346,-0.114775,0.859927,0.866741,0.108595,-0.486792,-0.037512,0.987438,0.153490,1,2.679844,-0.499848,-0.648481,1,0.629863,0.181428,0.755220,0.775415,-0.202920,-0.597959,0.044763,0.962241,-0.268494,1,2.607606,-0.747647,-0.204532,1,0.643879,-0.122644,0.755234,0.764786,0.132669,-0.630478,-0.022872,0.983543,0.179219,1,2.529052,-0.659787,-0.621160,1,2.824362,-0.516522,-0.380916,1,2.466562,-0.658763,-0.319760,1,2.727609,-0.545041,-1.059416,1,2.580104,-0.715012,-1.030570,1
5,0.665231,0.067108,0.743615,0.727375,0.166517,-0.665731,-0.168500,0.983752,0.061959,1,2.733425,-0.581291,0.411932,1,0.665231,0.067108,0.743615,0.727375,0.166517,-0.665731,-0.168500,0.983752,0.061959,1,2.718996,-0.617093,0.200419,1,0.664572,0.106014,0.739665,0.726202,0.141514,-0.672758,-0.175995,0.984243,0.017058,1,2.696051,-0.647723,-0.012609,1,-0.000004,-0.000004,1.000000,-0.000003,1.000000,0.000004,-1.000000,-0.000003,-0.000004,1,2.821936,-0.504608,0.173158,1,-0.000040,-0.000027,1.000000,0.000052,1.000000,0.000027,-1.000000,0.000052,-0.000040,1,2.821935,-0.504608,-0.109950,1,0.285286,-0.958198,-0.021648,0.134242,0.062312,-0.988987,0.948995,0.279238,0.146407,1,2.616057,-0.729579,0.227679,1,0.228850,-0.962516,-0.145573,-0.308827,0.070031,-0.948536,0.923176,0.262029,-0.281224,1,2.536792,-0.766877,-0.035993,1,0.435515,0.110312,0.893397,0.881801,-0.251811,-0.398770,0.180978,0.961469,-0.206941,1,2.739494,-0.605807,-0.243219,1,0.468984,-0.062904,0.880964,0.881641,0.092712,-0.462725,-0.052568,0.993704,0.098939,1,2.691736,-0.496790,-0.659468,1,0.612782,0.161793,0.773512,0.785226,-0.234874,-0.572935,0.088981,0.958466,-0.270971,1,2.606717,-0.750897,-0.208056,1,0.642326,-0.115429,0.757690,0.764304,0.170082,-0.622022,-0.057070,0.978646,0.197471,1,2.536681,-0.649227,-0.622948,1,2.821923,-0.504594,-0.393058,1,2.466324,-0.671782,-0.320261,1,2.717919,-0.535379,-1.073082,1,2.584732,-0.720029,-1.030338,1
6,0.686557,0.090856,0.721376,0.707264,0.146574,-0.691587,-0.168570,0.985018,0.036372,1,2.752335,-0.569457,0.405201,1,0.686557,0.090856,0.721376,0.707264,0.146574,-0.691587,-0.168570,0.985018,0.036372,1,2.732839,-0.600911,0.193826,1,0.685897,0.118516,0.717983,0.706397,0.128539,-0.696047,-0.174782,0.984597,0.004445,1,2.707184,-0.628735,-0.019301,1,-0.000004,-0.000004,1.000000,-0.000003,1.000000,0.000004,-1.000000,-0.000003,-0.000004,1,2.839099,-0.491474,0.166749,1,-0.000030,-0.000020,1.000000,0.000044,1.000000,0.000020,-1.000000,0.000044,-0.000030,1,2.839098,-0.491475,-0.116359,1,0.288658,-0.956805,-0.034655,0.175122,0.088348,-0.980575,0.941280,0.276982,0.193060,1,2.626578,-0.710347,0.220904,1,0.231968,-0.958783,-0.164091,-0.293237,0.091918,-0.951611,0.927471,0.268861,-0.259829,1,2.549161,-0.757314,-0.031545,1,0.462839,0.116175,0.878797,0.870588,-0.246236,-0.425964,0.166905,0.962222,-0.215108,1,2.750048,-0.585993,-0.249888,1,0.498558,-0.079917,0.863164,0.865350,0.104554,-0.490140,-0.051076,0.991303,0.121283,1,2.699761,-0.479410,-0.666388,1,0.625611,0.168114,0.761806,0.773964,-0.256331,-0.579029,0.097932,0.951857,-0.290478,1,2.612202,-0.742136,-0.206716,1,0.654580,-0.096582,0.749798,0.753733,0.160010,-0.637404,-0.058413,0.982379,0.177536,1,2.539436,-0.631187,-0.618715,1,2.839090,-0.491463,-0.399466,1,2.477750,-0.667042,-0.317064,1,2.725364,-0.532239,-1.073044,1,2.579633,-0.697782,-1.027576,1
7,0.713076,0.115349,0.691533,0.678498,0.134825,-0.722124,-0.176532,0.984132,0.017877,1,2.768787,-0.553219,0.393400,1,0.713076,0.115349,0.691533,0.678498,0.134825,-0.722124,-0.176532,0.984132,0.017877,1,2.744003,-0.582187,0.181953,1,0.713394,0.130632,0.688480,0.678820,0.115112,-0.725226,-0.173990,0.984726,-0.006555,1,2.715725,-0.607106,-0.031215,1,-0.000004,-0.000004,1.000000,-0.000003,1.000000,0.000004,-1.000000,-0.000003,-0.000004,1,2.854492,-0.477053,0.155006,1,-0.000023,-0.000016,1.000000,0.000037,1.000000,0.000016,-1.000000,0.000037,-0.000023,1,2.854491,-0.477054,-0.128102,1,0.308277,-0.949386,-0.060261,0.198711,0.126214,-0.971897,0.930311,0.287639,0.227562,1,2.633515,-0.687321,0.208900,1,0.269294,-0.944422,-0.188543,-0.244640,0.122270,-0.961874,0.931468,0.305152,-0.198116,1,2.547667,-0.742657,-0.050170,1,0.488219,0.123244,0.863975,0.869450,-0.154322,-0.469299,0.075493,0.980304,-0.182497,1,2.758720,-0.564206,-0.261766,1,0.505237,-0.074890,0.859725,0.862041,0.090272,-0.498734,-0.040259,0.993097,0.110167,1,2.705415,-0.497458,-0.685766,1,0.823436,0.222099,0.522136,0.566668,-0.274858,-0.776750,-0.029002,0.935481,-0.352184,1,2.614830,-0.711400,-0.226551,1,0.823435,-0.105572,0.557502,0.566668,0.203228,-0.798489,-0.029002,0.973423,0.227170,1,2.518709,-0.592446,-0.631412,1,2.854485,-0.477044,-0.411209,1,2.464743,-0.667326,-0.336995,1,2.731593,-0.522848,-1.094956,1,2.562652,-0.677036,-1.036579,1
8,0.729507,0.095372,0.677292,0.660397,0.159536,-0.733774,-0.178034,0.982574,0.053399,1,2.768587,-0.526119,0.396955,1,0.729507,0.095372,0.677292,0.660397,0.159536,-0.733774,-0.178034,0.982574,0.053399,1,2.748100,-0.560390,0.185885,1,0.730339,0.110665,0.674061,0.661571,0.131112,-0.738332,-0.170085,0.985172,0.022543,1,2.724150,-0.588764,-0.027318,1,-0.000004,-0.000004,1.000000,-0.000003,1.000000,0.000004,-1.000000,-0.000003,-0.000004,1,2.861264,-0.457881,0.159531,1,-0.000018,-0.000013,1.000000,0.000032,1.000000,0.000013,-1.000000,0.000032,-0.000018,1,2.861263,-0.457882,-0.123577,1,0.312403,-0.947511,-0.068028,0.260655,0.154363,-0.953012,0.913490,0.279991,0.295197,1,2.634935,-0.662899,0.212239,1,0.282311,-0.937309,-0.204333,-0.207157,0.148408,-0.966985,0.936689,0.315320,-0.152273,1,2.549159,-0.734467,-0.038577,1,0.498593,0.152661,0.853287,0.866430,-0.117881,-0.485183,0.026518,0.981223,-0.191045,1,2.773159,-0.551051,-0.257511,1,0.518521,-0.082704,0.851056,0.849595,0.162227,-0.501867,-0.096557,0.983282,0.154383,1,2.707090,-0.500035,-0.682161,1,0.782413,0.381609,0.492143,0.617038,-0.368148,-0.695508,-0.084231,0.847845,-0.523511,1,2.627244,-0.683226,-0.223529,1,0.782413,-0.157776,0.602442,0.617038,0.327245,-0.715664,-0.084231,0.931675,0.353394,1,2.450323,-0.512546,-0.616606,1,2.861258,-0.457873,-0.406685,1,2.462224,-0.670675,-0.327021,1,2.741476,-0.567483,-1.090975,1,2.515812,-0.648378,-1.003323,1
9,0.719279,0.078773,0.690241,0.663961,0.214425,-0.716364,-0.204435,0.973559,0.101929,1,2.739707,-0.500087,0.393336,1,0.719279,0.078773,0.690241,0.663961,0.214425,-0.716364,-0.204435,0.973559,0.101929,1,2.722806,-0.546095,0.184449,1,0.719389,0.097566,0.687721,0.664215,0.193038,-0.722187,-0.203217,0.976328,0.074064,1,2.701698,-0.587857,-0.026769,1,-0.000004,-0.000004,1.000000,-0.000003,1.000000,0.000004,-1.000000,-0.000003,-0.000004,1,2.834255,-0.443193,0.152966,1,-0.000014,-0.000010,1.000000,0.000028,1.000000,0.000010,-1.000000,0.000028,-0.000014,1,2.834254,-0.443194,-0.130142,1,0.255062,-0.962579,-0.091566,0.197124,0.144475,-0.969675,0.946618,0.229277,0.226597,1,2.611356,-0.648996,0.215931,1,0.347864,-0.920781,-0.176502,-0.176277,0.120666,-0.976917,0.920824,0.370948,-0.120337,1,2.534158,-0.708658,-0.070576,1,0.403531,0.138651,0.904399,0.913208,-0.122280,-0.388715,0.056694,0.982763,-0.175961,1,2.752144,-0.563553,-0.258199,1,0.475030,-0.116961,0.872162,0.877962,0.129898,-0.460770,-0.059400,0.984605,0.164393,1,2.692110,-0.510607,-0.683724,1,0.780007,0.426317,0.458087,0.622505,-0.453922,-0.637528,-0.063853,0.782438,-0.619447,1,2.609038,-0.695684,-0.217773,1,0.780007,-0.041605,0.624387,0.622505,0.153401,-0.767434,-0.063853,0.987288,0.145553,1,2.423266,-0.497883,-0.558728,1,2.834250,-0.443186,-0.413250,1,2.423883,-0.652777,-0.362485,1,2.740805,-0.564689,-1.093649,1,2.440473,-0.561326,-0.967048,1
10,0.742639,0.072855,0.665717,0.638839,0.221182,-0.736860,-0.200929,0.972507,0.117716,1,2.711955,-0.470623,0.391129,1,0.742639,0.072855,0.665717,0.638839,0.221182,-0.736860,-0.200929,0.972507,0.117716,1,2.696355,-0.517984,0.182893,1,0.743183,0.087114,0.663393,0.640255,0.195336,-0.742912,-0.194302,0.976860,0.089396,1,2.677498,-0.560267,-0.028561,1,-0.000004,-0.000004,1.000000,-0.000003,1.000000,0.000004,-1.000000,-0.000003,-0.000004,1,2.811503,-0.418783,0.152788,1,-0.000011,-0.000008,1.000000,0.000026,1.000000,0.000008,-1.000000,0.000026,-0.000011,1,2.811502,-0.418784,-0.130320,1,0.254186,-0.960502,-0.113247,0.242373,0.176618,-0.953971,0.936293,0.215038,0.277694,1,2.581207,-0.617184,0.212998,1,0.348261,-0.916604,-0.196343,-0.135088,0.158194,-0.978124,0.927613,0.367166,-0.068729,1,2.501235,-0.693439,-0.081578,1,0.209953,0.077645,0.974624,0.976962,-0.055691,-0.206020,0.038281,0.995424,-0.087549,1,2.732979,-0.538509,-0.259451,1,0.352338,-0.092042,0.931336,0.934451,0.089431,-0.344678,-0.051566,0.991731,0.117519,1,2.699359,-0.514396,-0.690458,1,0.783916,0.413477,0.463154,0.617700,-0.444151,-0.648982,-0.062628,0.794838,-0.603582,1,2.584304,-0.666592,-0.220581,1,0.783916,0.072092,0.616667,0.617700,0.009629,-0.786355,-0.062628,0.997351,-0.036983,1,2.405173,-0.474172,-0.564929,1,2.811499,-0.418777,-0.413428,1,2.391833,-0.651003,-0.372977,1,2.737680,-0.551629,-1.103351,1,2.393144,-0.501977,-0.973378,1
11,0.744192,0.069678,0.664322,0.642062,0.199661,-0.740197,-0.184215,0.977384,0.103848,1,2.662050,-0.454304,0.384092,1,0.744192,0.069678,0.664322,0.642062,0.199661,-0.740197,-0.184215,0.977384,0.103848,1,2.647166,-0.496955,0.175308,1,0.744943,0.076151,0.662767,0.644004,0.177208,-0.744215,-0.174120,0.981223,0.082968,1,2.630687,-0.535301,-0.037019,1,-0.000004,-0.000004,1.000000,-0.000003,1.000000,0.000004,-1.000000,-0.000003,-0.000004,1,2.762513,-0.397237,0.148347,1,-0.000009,-0.000007,1.000000,0.000024,1.000000,0.000007,-1.000000,0.000024,-0.000009,1,2.762512,-0.397238,-0.134761,1,0.289413,-0.951067,-0.108222,0.242137,0.182125,-0.952996,0.926072,0.249605,0.282997,1,2.531818,-0.596673,0.202269,1,0.319617,-0.925061,-0.205199,-0.129643,0.171830,-0.976559,0.938636,0.338727,-0.065007,1,2.440332,-0.673214,-0.090469,1,0.107705,0.041267,0.993326,0.993941,-0.026505,-0.106671,0.021926,0.998797,-0.043872,1,2.691251,-0.507045,-0.267353,1,0.259007,-0.070448,0.963303,0.964968,0.062098,-0.254913,-0.041861,0.995581,0.084063,1,2.673383,-0.495569,-0.699820,1,0.820220,0.395223,0.413566,0.567368,-0.469759,-0.676329,-0.073024,0.789383,-0.609543,1,2.537167,-0.640251,-0.231338,1,0.820220,0.125731,0.558059,0.567368,-0.054269,-0.821674,-0.073024,0.990579,-0.115848,1,2.366107,-0.436929,-0.572999,1,2.762510,-0.397231,-0.417868,1,2.338100,-0.631747,-0.390699,1,2.702713,-0.521422,-1.114316,1,2.313820,-0.414361,-0.984941,1
12,0.758022,0.113744,0.642234,0.626800,0.145228,-0.765526,-0.180344,0.982838,0.038792,1,2.618054,-0.439256,0.379385,1,0.758022,0.113744,0.642234,0.626800,0.145228,-0.765526,-0.180344,0.982838,0.038792,1,2.593847,-0.470164,0.170219,1,0.759144,0.117155,0.640293,0.628119,0.126238,-0.767809,-0.170782,0.985058,0.022246,1,2.568494,-0.497482,-0.042948,1,-0.000004,-0.000004,1.000000,-0.000003,1.000000,0.000004,-1.000000,-0.000003,-0.000004,1,2.711453,-0.372856,0.143762,1,-0.000008,-0.000006,1.000000,0.000023,1.000000,0.000006,-1.000000,0.000023,-0.000008,1,2.711452,-0.372857,-0.139346,1,0.303434,-0.943173,-0.135471,0.171537,0.193922,-0.965903,0.937285,0.269850,0.220632,1,2.476241,-0.567471,0.196677,1,0.308456,-0.924031,-0.225879,-0.158238,0.184305,-0.970048,0.937985,0.334960,-0.089367,1,2.374832,-0.624800,-0.116569,1,0.055108,0.021493,0.998249,0.998410,-0.013020,-0.054837,0.011819,0.999684,-0.022177,1,2.614625,-0.465655,-0.272196,1,0.189543,-0.053029,0.980439,0.981327,0.043515,-0.187361,-0.032728,0.997644,0.060287,1,2.605319,-0.460017,-0.705048,1,0.833262,0.361321,0.418476,0.547570,-0.434689,-0.714992,-0.076434,0.824920,-0.560058,1,2.471658,-0.583946,-0.240033,1,0.826216,0.159203,0.540390,0.548807,-0.010883,-0.835878,-0.127193,0.987186,-0.096363,1,2.315323,-0.395867,-0.596957,1,2.711449,-0.372851,-0.422454,1,2.275452,-0.573818,-0.418772,1,2.627397,-0.478134,-1.120402,1,2.249119,-0.391341,-1.007476,1
13,0.788482,0.122757,0.602684,0.592782,0.109659,-0.797863,-0.164033,0.986360,0.013696,1,2.560516,-0.420088,0.383138,1,0.788482,0.122757,0.602684,0.592782,0.109659,-0.797863,-0.164033,0.986360,0.013696,1,2.534307,-0.443500,0.172552,1,0.788733,0.131525,0.600501,0.592983,0.094778,-0.799617,-0.162084,0.986772,-0.003238,1,2.505845,-0.464010,-0.040985,1,-0.000004,-0.000004,1.000000,-0.000003,1.000000,0.000004,-1.000000,-0.000003,-0.000004,1,2.656477,-0.351651,0.147446,1,-0.000007,-0.000005,1.000000,0.000022,1.000000,0.000005,-1.000000,0.000022,-0.000007,1,2.656476,-0.351652,-0.135662,1,0.313249,-0.929285,-0.195713,0.092923,0.235088,-0.967522,0.945114,0.284889,0.159993,1,2.412137,-0.535349,0.197657,1,0.282104,-0.918511,-0.277045,-0.192989,0.228541,-0.954214,0.939773,0.322654,-0.112790,1,2.305243,-0.567059,-0.124857,1,0.028192,0.011097,0.999541,0.999583,-0.006519,-0.028121,0.006204,0.999917,-0.011276,1,2.550336,-0.429673,-0.269513,1,0.138400,-0.039503,0.989588,0.990061,0.030750,-0.137238,-0.025009,0.998746,0.043366,1,2.545531,-0.426851,-0.702466,1,0.811175,0.322415,0.487898,0.583365,-0.387634,-0.713740,-0.040995,0.863590,-0.502524,1,2.404431,-0.539367,-0.239530,1,0.811175,0.030784,0.583993,0.583365,0.027408,-0.811747,-0.040995,0.999150,0.004274,1,2.264988,-0.371718,-0.613028,1,2.656474,-0.351646,-0.418770,1,2.213736,-0.504459,-0.429693,1,2.561977,-0.439653,-1.118279,1,2.252193,-0.383109,-1.028300,1
14,0.779087,0.179632,0.600630,0.591258,0.107971,-0.799222,-0.208416,0.977791,-0.022090,1,2.512818,-0.400904,0.402063,1,0.779087,0.179632,0.600630,0.591258,0.107971,-0.799222,-0.208416,0.977791,-0.022090,1,2.474289,-0.424063,0.192334,1,0.779490,0.186314,0.598066,0.591483,0.095458,-0.800647,-0.206262,0.977842,-0.035793,1,2.433964,-0.444723,-0.019302,1,-0.000004,-0.000004,1.000000,-0.000003,1.000000,0.000004,-1.000000,-0.000003,-0.000004,1,2.595046,-0.332432,0.160380,1,-0.000006,-0.000005,1.000000,0.000021,1.000000,0.000005,-1.000000,0.000021,-0.000006,1,2.595044,-0.332433,-0.122727,1,0.324582,-0.920441,-0.217795,0.014655,0.235128,-0.971854,0.945744,0.312254,0.089807,1,2.353532,-0.515694,0.224288,1,0.194750,-0.927468,-0.319180,-0.320097,0.247497,-0.914485,0.927152,0.280265,-0.248680,1,2.256597,-0.520071,-0.058155,1,0.931499,0.135884,0.337410,0.361908,-0.439315,-0.822207,0.036504,0.887997,-0.458399,1,2.470718,-0.406897,-0.251334,1,0.931499,-0.246689,0.267309,0.361908,0.554797,-0.749148,0.036504,0.794572,0.606072,1,2.409236,-0.208125,-0.653114,1,0.845245,0.185234,0.501248,0.533370,-0.350049,-0.770053,0.032822,0.918234,-0.394676,1,2.316562,-0.523871,-0.210542,1,0.846534,-0.060371,0.528900,0.532092,0.066001,-0.844110,0.016052,0.995992,0.087995,1,2.236526,-0.372622,-0.607292,1,2.595043,-0.332427,-0.405835,1,2.195786,-0.420120,-0.347660,1,2.509523,-0.433668,-0.976134,1,2.261604,-0.400039,-1.021021,1
15,0.811538,0.140886,0.567061,0.555587,0.114430,-0.823547,-0.180915,0.983391,0.014590,1,2.455454,-0.365676,0.424976,1,0.811538,0.140886,0.567061,0.555587,0.114430,-0.823547,-0.180915,0.983391,0.014590,1,2.425505,-0.390002,0.215926,1,0.811670,0.155864,0.562937,0.555678,0.091008,-0.826401,-0.180038,0.983577,-0.012742,1,2.391774,-0.409697,0.003070,1,-0.000004,-0.000004,1.000000,-0.000003,1.000000,0.000004,-1.000000,-0.000003,-0.000004,1,2.551183,-0.303961,0.188050,1,-0.000005,-0.000005,1.000000,0.000021,1.000000,0.000005,-1.000000,0.000021,-0.000005,1,2.551182,-0.303962,-0.095058,1,0.308776,-0.911652,-0.271197,-0.027574,0.276430,-0.960638,0.950735,0.304100,0.060217,1,2.299826,-0.476043,0.243803,1,0.121733,-0.914465,-0.385920,-0.462636,0.291717,-0.837179,0.878151,0.280453,-0.387553,1,2.210928,-0.468104,-0.029917,1,0.934284,0.153981,0.321565,0.353250,-0.521868,-0.776446,0.048256,0.839013,-0.541967,1,2.439014,-0.373959,-0.227746,1,0.934284,-0.228260,0.273883,0.353250,0.488673,-0.797755,0.048256,0.842078,0.537192,1,2.363261,-0.117218,-0.640511,1,0.867738,0.082170,0.490183,0.491987,-0.282034,-0.823654,0.070569,0.955879,-0.285158,1,2.277073,-0.484826,-0.191826,1,0.873716,-0.039579,0.484823,0.486395,0.083958,-0.869696,-0.006283,0.995683,0.092607,1,2.241556,-0.362920,-0.604992,1,2.551180,-0.303957,-0.378166,1,2.173108,-0.324373,-0.302739,1,2.457716,-0.319434,-0.988968,1,2.258022,-0.397848,-1.019212,1
16,0.837280,0.164238,0.521525,0.514984,0.083618,-0.853112,-0.183722,0.982870,-0.014568,1,2.427109,-0.330673,0.440900,1,0.837280,0.164238,0.521525,0.514984,0.083618,-0.853112,-0.183722,0.982870,-0.014568,1,2.392027,-0.348534,0.230952,1,0.838645,0.167283,0.518355,0.515587,0.063048,-0.854514,-0.175627,0.983891,-0.033374,1,2.355816,-0.362182,0.017977,1,-0.000004,-0.000004,1.000000,-0.000003,1.000000,0.000004,-1.000000,-0.000003,-0.000004,1,2.521952,-0.268658,0.203743,1,-0.000005,-0.000004,1.000000,0.000021,1.000000,0.000004,-1.000000,0.000021,-0.000005,1,2.521951,-0.268659,-0.079365,1,0.312578,-0.873370,-0.373524,-0.078734,0.368053,-0.926465,0.946623,0.319002,0.046281,1,2.262101,-0.428411,0.258160,1,0.072906,-0.873370,-0.481571,-0.548788,0.368053,-0.750579,0.832776,0.319002,-0.452461,1,2.170208,-0.405264,-0.020131,1,0.944149,0.182501,0.274365,0.329518,-0.524890,-0.784798,0.000785,0.831375,-0.555712,1,2.403351,-0.324344,-0.212536,1,0.944149,-0.039884,0.327097,0.329518,0.111913,-0.937493,0.000785,0.992917,0.118805,1,2.321330,-0.088445,-0.586177,1,0.892045,0.033407,0.450710,0.448415,-0.189851,-0.873430,0.056389,0.981244,-0.184336,1,2.235861,-0.427315,-0.177461,1,0.895147,-0.087527,0.437093,0.444888,0.113738,-0.888335,0.028040,0.989648,0.140752,1,2.221417,-0.345230,-0.601713,1,2.521950,-0.268653,-0.362473,1,2.147534,-0.234591,-0.279125,1,2.337430,-0.133622,-0.986994,1,2.257833,-0.392552,-1.013467,1
17,0.871150,0.186749,0.454117,0.449431,0.069225,-0.890629,-0.197760,0.979966,-0.023625,1,2.393105,-0.288949,0.432109,1,0.871150,0.186749,0.454117,0.449431,0.069225,-0.890629,-0.197760,0.979966,-0.023625,1,2.353491,-0.303634,0.224232,1,0.872996,0.183145,0.452035,0.450049,0.054709,-0.891326,-0.187972,0.981562,-0.034663,1,2.313846,-0.315477,0.011755,1,-0.000004,-0.000004,1.000000,-0.000003,1.000000,0.000004,-1.000000,-0.000003,-0.000004,1,2.488653,-0.233955,0.195129,1,-0.000004,-0.000004,1.000000,0.000021,1.000000,0.000004,-1.000000,0.000021,-0.000004,1,2.488652,-0.233955,-0.087979,1,0.256866,-0.840708,-0.476687,-0.236365,0.423609,-0.874464,0.937097,0.337292,-0.089903,1,2.218328,-0.373313,0.253335,1,0.012843,-0.840904,-0.541032,-0.589555,0.430655,-0.683346,0.807626,0.327744,-0.490228,1,2.131670,-0.293570,-0.062813,1,0.966828,0.155923,0.202318,0.253477,-0.487905,-0.835283,-0.031528,0.858858,-0.511243,1,2.361403,-0.282365,-0.219497,1,0.957141,0.157336,0.243160,0.267059,-0.154559,-0.951205,-0.112076,0.975375,-0.189953,1,2.293593,-0.070177,-0.593011,1,0.924169,-0.014025,0.381726,0.374057,-0.169297,-0.911822,0.077414,0.985465,-0.151212,1,2.186999,-0.372274,-0.181945,1,0.926885,-0.148365,0.344779,0.369869,0.204690,-0.906255,0.063884,0.967517,0.244600,1,2.193068,-0.299011,-0.608401,1,2.488651,-0.233950,-0.371087,1,2.127549,-0.104426,-0.321920,1,2.228908,-0.006635,-0.994008,1,2.254760,-0.384124,-1.010705,1
18,0.891815,0.240309,0.383299,0.386351,0.036243,-0.921639,-0.235370,0.970020,-0.060522,1,2.377695,-0.242510,0.426469,1,0.891815,0.240309,0.383299,0.386351,0.036243,-0.921639,-0.235370,0.970020,-0.060522,1,2.327789,-0.250037,0.225021,1,0.893813,0.234513,0.382232,0.386625,0.028846,-0.921786,-0.227197,0.971685,-0.064886,1,2.277038,-0.256280,0.014739,1,-0.000004,-0.000004,1.000000,-0.000003,1.000000,0.000004,-1.000000,-0.000003,-0.000004,1,2.466198,-0.190167,0.189839,1,-0.000004,-0.000004,1.000000,0.000021,1.000000,0.000004,-1.000000,0.000021,-0.000004,1,2.466197,-0.190168,-0.093269,1,0.256210,-0.794979,-0.549877,-0.273636,0.485946,-0.830048,0.927081,0.363133,-0.093031,1,2.189380,-0.309907,0.260203,1,-0.059637,-0.793408,-0.605761,-0.550211,0.532462,-0.643236,0.832893,0.294936,-0.468296,1,2.096733,-0.210959,-0.075034,1,0.978046,0.167700,0.123705,0.188557,-0.459424,-0.867972,-0.088726,0.872242,-0.480959,1,2.315541,-0.223916,-0.218230,1,0.975133,0.140937,0.171035,0.192179,-0.153376,-0.969300,-0.110378,0.978066,-0.176647,1,2.242904,-0.024922,-0.596030,1,0.941641,-0.055505,0.332010,0.318342,-0.173733,-0.931920,0.109407,0.983227,-0.145925,1,2.152686,-0.323510,-0.180678,1,0.954396,-0.125110,0.271063,0.296091,0.280552,-0.913028,0.038182,0.951650,0.304802,1,2.176706,-0.248324,-0.606185,1,2.466196,-0.190163,-0.376377,1,2.116159,-0.031733,-0.346342,1,2.184336,0.038815,-1.002474,1,2.228709,-0.364937,-1.001741,1
19,0.897569,0.286003,0.335517,0.348753,0.004955,-0.937202,-0.269705,0.958216,-0.095297,1,2.379040,-0.209905,0.423439,1,0.897569,0.286003,0.335517,0.348753,0.004955,-0.937202,-0.269705,0.958216,-0.095297,1,2.319299,-0.210940,0.223286,1,0.901509,0.271565,0.336949,0.348822,0.004841,-0.937176,-0.256136,0.962408,-0.090364,1,2.260536,-0.211988,0.015033,1,-0.000004,-0.000004,1.000000,-0.000003,1.000000,0.000004,-1.000000,-0.000003,-0.000004,1,2.458855,-0.156942,0.183635,1,-0.000004,-0.000004,1.000000,0.000021,1.000000,0.000004,-1.000000,0.000021,-0.000004,1,2.458854,-0.156943,-0.099473,1,0.313983,-0.756078,-0.574248,-0.257210,0.514479,-0.818019,0.913924,0.404547,-0.032933,1,2.179744,-0.264939,0.262936,1,-0.053094,-0.758690,-0.649285,-0.447845,0.599237,-0.663588,0.892533,0.255547,-0.371591,1,2.081684,-0.184610,-0.022491,1,0.985769,0.151419,0.073017,0.133739,-0.443241,-0.886370,-0.101849,0.883521,-0.457184,1,2.291813,-0.178196,-0.218801,1,0.988172,0.090185,0.124029,0.131700,-0.084769,-0.987658,-0.078558,0.992311,-0.095643,1,2.226273,0.013654,-0.601221,1,0.971936,-0.049518,0.229974,0.215758,-0.201939,-0.955337,0.093747,0.978145,-0.185588,1,2.111732,-0.247875,-0.167637,1,0.971936,-0.170055,0.162546,0.215758,0.369041,-0.904023,0.093747,0.913723,0.395375,1,2.133163,-0.160476,-0.590976,1,2.458853,-0.156937,-0.382580,1,2.098367,-0.043886,-0.302946,1,2.188793,0.048883,-1.013613,1,2.203867,-0.313913,-0.970876,1
20,0.908618,0.336974,0.246703,0.268347,-0.018440,-0.963146,-0.320006,0.941333,-0.107181,1,2.362710,-0.141373,0.435588,1,0.908618,0.336974,0.246703,0.268347,-0.018440,-0.963146,-0.320006,0.941333,-0.107181,1,2.293320,-0.137576,0.241749,1,0.914529,0.319426,0.248200,0.268011,-0.018878,-0.963231,-0.302995,0.947423,-0.102874,1,2.224214,-0.133492,0.036778,1,-0.000004,-0.000004,1.000000,-0.000003,1.000000,0.000004,-1.000000,-0.000003,-0.000004,1,2.434949,-0.096070,0.194825,1,-0.000004,-0.000004,1.000000,0.000021,1.000000,0.000004,-1.000000,0.000021,-0.000004,1,2.434948,-0.096071,-0.088283,1,0.349294,-0.709362,-0.612209,-0.233715,0.566756,-0.790041,0.907398,0.419039,0.032176,1,2.161419,-0.198939,0.280263,1,-0.053033,-0.712572,-0.699592,-0.410662,0.654158,-0.635165,0.910244,0.253611,-0.327318,1,2.056714,-0.128880,0.008260,1,0.992833,0.118215,0.017561,0.058427,-0.351928,-0.934202,-0.104257,0.928532,-0.356313,1,2.258108,-0.129972,-0.207684,1,0.997950,0.040245,0.049762,0.052853,-0.079789,-0.995410,-0.036090,0.995999,-0.081752,1,2.206978,0.022240,-0.609284,1,0.952916,0.034790,0.301231,0.296596,-0.313645,-0.902030,0.063098,0.948903,-0.309196,1,2.076781,-0.188007,-0.147625,1,0.952916,-0.202821,0.225419,0.296596,0.468732,-0.832058,0.063098,0.859741,0.506818,1,2.061752,-0.052509,-0.557561,1,2.434947,-0.096065,-0.371390,1,2.073245,-0.000871,-0.275477,1,2.190232,0.055441,-1.023724,1,2.145964,-0.247129,-0.914530,1
21,0.891267,0.405149,-0.203708,-0.242182,0.045469,-0.969165,-0.383394,0.913119,0.138645,1,2.359888,-0.101949,0.420971,1,0.891267,0.405149,-0.203708,-0.242182,0.045469,-0.969165,-0.383394,0.913119,0.138645,1,2.276003,-0.111363,0.231912,1,0.902728,0.366329,-0.225577,-0.241541,-0.002324,-0.970388,-0.356005,0.930483,0.086386,1,2.196782,-0.110861,0.030689,1,-0.000004,-0.000004,1.000000,-0.000003,1.000000,0.000004,-1.000000,-0.000003,-0.000004,1,2.409767,-0.147154,0.179160,1,-0.000004,-0.000004,1.000000,0.000021,1.000000,0.000004,-1.000000,0.000021,-0.000004,1,2.409766,-0.147155,-0.103948,1,0.429564,-0.450598,-0.782583,-0.115438,0.832103,-0.542475,0.895628,0.323367,0.305425,1,2.142238,-0.075572,0.284664,1,-0.065158,-0.450598,-0.890346,-0.391913,0.832103,-0.392440,0.917692,0.323367,-0.230814,1,2.019283,-0.042530,0.028306,1,0.884764,0.011334,-0.465902,-0.435373,-0.336549,-0.834976,-0.166262,0.941598,-0.292832,1,2.200803,-0.132632,-0.203361,1,0.888418,0.041764,-0.457131,-0.445352,-0.162912,-0.880410,-0.111241,0.985756,-0.126134,1,2.195916,0.012472,-0.609332,1,0.975817,0.067875,0.207784,0.218280,-0.252061,-0.942772,-0.011616,0.965328,-0.260782,1,2.034319,-0.088085,-0.137705,1,0.975817,-0.074942,0.205341,0.218280,0.384001,-0.897160,-0.011617,0.920286,0.391073,1,2.004966,0.020919,-0.555161,1,2.409765,-0.147150,-0.387056,1,2.039575,0.079519,-0.257480,1,2.178933,0.078720,-1.010189,1,2.036073,-0.138476,-0.937163,1
22,0.855061,0.396395,-0.334278,-0.392131,0.072521,-0.917046,-0.339270,0.915211,0.217449,1,2.348077,-0.079413,0.446804,1,0.855061,0.396395,-0.334278,-0.392131,0.072521,-0.917046,-0.339270,0.915211,0.217449,1,2.265741,-0.094477,0.256703,1,0.862329,0.356438,-0.359641,-0.391255,0.018191,-0.920102,-0.321417,0.934142,0.155145,1,2.188608,-0.098413,0.054557,1,-0.000004,-0.000004,1.000000,-0.000003,1.000000,0.000004,-1.000000,-0.000003,-0.000004,1,2.397331,-0.154182,0.207656,1,-0.000004,-0.000004,1.000000,0.000021,1.000000,0.000004,-1.000000,0.000021,-0.000004,1,2.397330,-0.154183,-0.075452,1,0.425221,-0.362257,-0.829432,-0.131524,0.881950,-0.452622,0.895482,0.301554,0.327379,1,2.134151,-0.034771,0.305751,1,-0.070564,-0.362257,-0.929403,-0.348550,0.881950,-0.317297,0.934630,0.301554,-0.188499,1,2.008728,0.004022,0.041622,1,0.995278,0.093164,0.027243,0.050266,-0.254592,-0.965741,-0.083037,0.962550,-0.258073,1,2.193518,-0.139575,-0.178170,1,0.995278,0.063455,0.073452,0.050266,0.310418,-0.949270,-0.083037,0.948480,0.305762,1,2.153179,-0.029339,-0.594943,1,0.995278,0.093164,0.027243,0.050266,-0.254592,-0.965741,-0.083037,0.962550,-0.258073,1,2.029433,-0.065126,-0.117010,1,0.995278,0.063455,0.073452,0.050266,0.310418,-0.949270,-0.083037,0.948480,0.305762,1,1.989113,0.045057,-0.533586,1,2.397329,-0.154177,-0.358560,1,2.030692,0.112512,-0.249291,1,2.126760,-0.158577,-0.989828,1,1.962850,-0.083416,-0.926136,1
23,0.858332,0.344284,-0.380440,-0.444916,0.130090,-0.886074,-0.255569,0.929809,0.264838,1,2.280809,-0.026439,0.446493,1,0.858332,0.344284,-0.380440,-0.444916,0.130090,-0.886074,-0.255569,0.929809,0.264838,1,2.208659,-0.053702,0.251636,1,0.862364,0.303054,-0.405569,-0.443691,0.066537,-0.893706,-0.243856,0.950648,0.191841,1,2.143084,-0.068099,0.045936,1,-0.000004,-0.000004,1.000000,-0.000003,1.000000,0.000004,-1.000000,-0.000003,-0.000004,1,2.341963,-0.122288,0.213941,1,-0.000004,-0.000004,1.000000,0.000021,1.000000,0.000004,-1.000000,0.000021,-0.000004,1,2.341962,-0.122288,-0.069167,1,0.332867,-0.356579,-0.872955,-0.168974,0.888208,-0.427241,0.927711,0.289721,0.235402,1,2.075355,0.014884,0.289331,1,-0.123110,-0.357657,-0.925703,-0.355665,0.886735,-0.295301,0.926470,0.292886,-0.236372,1,1.979426,0.063580,0.021976,1,0.791064,0.217096,-0.571915,-0.505659,-0.294100,-0.811058,-0.344278,0.930792,-0.122875,1,2.157211,-0.123504,-0.182303,1,0.791332,0.217647,-0.571335,-0.506000,-0.291363,-0.811832,-0.343159,0.931524,-0.120435,1,2.066159,-0.000156,-0.572685,1,0.991077,0.133287,0.001305,0.027191,-0.192582,-0.980904,-0.130490,0.972187,-0.194487,1,1.997807,-0.041489,-0.137227,1,0.994775,0.095388,0.036382,0.030093,0.066560,-0.997328,-0.097555,0.993212,0.063342,1,1.940095,0.041896,-0.558173,1,2.341961,-0.122283,-0.352275,1,2.017739,0.174265,-0.266347,1,1.978417,0.117303,-0.948217,1,1.900382,0.014185,-0.971682,1
24,0.897539,0.303062,-0.320277,-0.380435,0.165032,-0.909963,-0.222919,0.938572,0.263418,1,2.238785,0.001063,0.451516,1,0.897539,0.303062,-0.320277,-0.380435,0.165032,-0.909963,-0.222919,0.938572,0.263418,1,2.175680,-0.033301,0.256082,1,0.900805,0.268052,-0.341612,-0.378914,0.101016,-0.919902,-0.212073,0.958094,0.192564,1,2.117687,-0.055156,0.048799,1,-0.000004,-0.000004,1.000000,-0.000003,1.000000,0.000004,-1.000000,-0.000003,-0.000004,1,2.315004,-0.091906,0.223282,1,-0.000004,-0.000004,1.000000,0.000021,1.000000,0.000004,-1.000000,0.000021,-0.000004,1,2.315003,-0.091907,-0.059826,1,0.270325,-0.427159,-0.862821,-0.177117,0.858826,-0.480673,0.946337,0.282758,0.156505,1,2.036356,0.025304,0.288883,1,-0.165639,-0.433930,-0.885589,-0.418454,0.844072,-0.335320,0.893006,0.315036,-0.321391,1,1.953440,0.079631,-0.001384,1,0.989384,0.120110,0.081808,0.102090,-0.173817,-0.979472,-0.103425,0.977426,-0.184234,1,2.145981,-0.113307,-0.178798,1,0.994233,0.023716,0.104589,0.104214,0.016547,-0.994417,-0.025315,0.999582,0.013980,1,2.093975,-0.038046,-0.602012,1,0.989384,0.120110,0.081808,0.102090,-0.173817,-0.979472,-0.103425,0.977426,-0.184234,1,1.973407,-0.040715,-0.138170,1,0.994233,0.023716,0.104589,0.104214,0.016547,-0.994417,-0.025315,0.999582,0.013980,1,1.921400,0.034546,-0.561384,1,2.315002,-0.091902,-0.342934,1,2.005391,0.210876,-0.281470,1,2.084101,-0.044935,-1.018173,1,1.911526,0.027657,-0.977545,1
25,0.967853,0.208601,0.140525,0.122316,0.097826,-0.987658,-0.219773,0.973096,0.069166,1,2.141499,0.028069,0.440157,1,0.967853,0.208601,0.140525,0.122316,0.097826,-0.987658,-0.219773,0.973096,0.069166,1,2.098000,0.007670,0.237240,1,0.971352,0.195124,0.135652,0.123787,0.071826,-0.989706,-0.202859,0.978145,0.045614,1,2.055784,-0.007870,0.025612,1,-0.000004,-0.000004,1.000000,-0.000003,1.000000,0.000004,-1.000000,-0.000003,-0.000004,1,2.246151,0.026550,0.206300,1,-0.000004,-0.000004,1.000000,0.000021,1.000000,0.000004,-1.000000,0.000021,-0.000004,1,2.246150,0.026549,-0.076808,1,0.174142,-0.793849,-0.582648,-0.294672,0.522566,-0.800059,0.939597,0.311014,-0.142924,1,1.949849,-0.011210,0.268179,1,-0.127119,-0.785131,-0.606144,-0.498570,0.578869,-0.645243,0.857478,0.220183,-0.465028,1,1.895310,0.081077,-0.026090,1,0.827011,-0.200615,0.525173,0.464861,-0.281324,-0.839500,0.316160,0.938408,-0.139400,1,2.107846,-0.011396,-0.205704,1,0.827871,-0.236528,0.508609,0.465761,-0.215396,-0.858296,0.312563,0.947449,-0.068154,1,2.194710,0.110414,-0.612024,1,0.827011,-0.200615,0.525173,0.464861,-0.281324,-0.839500,0.316160,0.938408,-0.139400,1,1.919289,-0.035425,-0.166326,1,0.827871,-0.236528,0.508609,0.465761,-0.215396,-0.858296,0.312563,0.947449,-0.068154,1,1.993519,0.068668,-0.513548,1,2.246148,0.026554,-0.359916,1,1.935327,0.238027,-0.296023,1,2.293185,0.200091,-1.006481,1,2.077719,0.145346,-0.850827,1
26,0.856270,0.139529,0.497326,0.494555,0.056379,-0.867316,-0.149054,0.988612,-0.020729,1,2.060638,0.029393,0.447531,1,0.856270,0.139529,0.497326,0.494555,0.056379,-0.867316,-0.149054,0.988612,-0.020729,1,2.031335,0.017553,0.239914,1,0.855904,0.144212,0.496619,0.494413,0.053332,-0.867589,-0.151603,0.988109,-0.025653,1,2.000125,0.006011,0.026072,1,-0.000004,-0.000004,1.000000,-0.000003,1.000000,0.000004,-1.000000,-0.000003,-0.000004,1,2.161317,0.092637,0.216891,1,-0.000004,-0.000004,1.000000,0.000021,1.000000,0.000004,-1.000000,0.000021,-0.000004,1,2.161316,0.092636,-0.066217,1,0.131589,-0.953886,-0.269788,-0.410396,0.195315,-0.890745,0.902363,0.227932,-0.365770,1,1.901354,-0.057530,0.262937,1,0.065662,-0.959758,-0.273043,-0.420420,0.221551,-0.879865,0.904951,0.172567,-0.388954,1,1.861607,0.066432,-0.009628,1,0.582378,-0.297081,0.756689,0.689232,-0.313114,-0.653390,0.431040,0.902055,0.022408,1,2.052614,0.042818,-0.202595,1,0.583472,-0.301718,0.754007,0.690351,-0.304747,-0.656159,0.427756,0.903380,0.030480,1,2.181247,0.178392,-0.593175,1,0.582378,-0.297081,0.756689,0.689232,-0.313114,-0.653390,0.431040,0.902055,0.022408,1,1.885216,-0.053880,-0.172945,1,0.583472,-0.301718,0.754007,0.690351,-0.304747,-0.656159,0.427756,0.903380,0.030480,1,1.992841,0.059553,-0.499734,1,2.161315,0.092642,-0.349325,1,1.841209,0.197034,-0.290747,1,2.306863,0.305269,-0.969283,1,2.097929,0.165696,-0.814381,1
27,0.680961,0.051552,0.730503,0.730448,0.023458,-0.682565,-0.052324,0.998395,-0.021682,1,1.992106,0.010323,0.458932,1,0.680961,0.051552,0.730503,0.730448,0.023458,-0.682565,-0.052324,0.998395,-0.021682,1,1.981130,0.005328,0.246361,1,0.679612,0.084121,0.728732,0.730014,0.020155,-0.683135,-0.072153,0.996252,-0.047712,1,1.962927,0.000967,0.030779,1,-0.000004,-0.000004,1.000000,-0.000003,1.000000,0.000004,-1.000000,-0.000003,-0.000004,1,2.085266,0.117187,0.235305,1,-0.000004,-0.000004,1.000000,0.000021,1.000000,0.000004,-1.000000,0.000021,-0.000004,1,2.085265,0.117187,-0.047803,1,0.144858,-0.989447,0.003252,-0.489646,-0.074540,-0.868729,0.859804,0.124250,-0.495277,1,1.876994,-0.106531,0.257417,1,0.248963,-0.967975,0.032281,-0.290690,-0.106477,-0.950874,0.923860,0.227349,-0.307890,1,1.834105,0.038440,0.002852,1,0.577072,0.524605,0.625922,0.663850,0.145101,-0.733654,-0.475700,0.838889,-0.264525,1,2.012480,0.069386,-0.191997,1,0.669014,0.059447,0.740869,0.742103,0.001927,-0.670283,-0.041274,0.998230,-0.042826,1,1.785332,0.006559,-0.555226,1,0.360698,-0.279336,0.889870,0.828286,-0.342673,-0.443303,0.428765,0.896965,0.107769,1,1.876968,-0.076175,-0.177610,1,0.360901,-0.279929,0.889601,0.828537,-0.341641,-0.443631,0.428109,0.897174,0.108633,1,1.978060,0.047838,-0.502221,1,2.085264,0.117192,-0.330910,1,1.756949,0.128528,-0.283461,1,1.760582,0.005756,-0.970824,1,2.075463,0.166715,-0.814401,1
