0,0.649046,-0.748904,-0.133721,-0.117980,-0.272738,0.954827,-0.751545,-0.603950,-0.265375,1,-1.751825,0.276261,2.786574,1,0.649046,-0.748904,-0.133721,-0.117980,-0.272738,0.954827,-0.751545,-0.603950,-0.265375,1,-1.751823,0.501388,2.786574,1,0.649176,-0.748528,-0.135190,-0.051395,-0.220492,0.974034,-0.758900,-0.625372,-0.181609,1,-1.752401,0.462280,2.819432,1,-0.000004,-0.000001,-1.000000,-0.000004,1.000000,-0.000001,1.000000,0.000004,-0.000004,1,0.003282,-0.379156,-3.401925,1,-0.000004,0.000018,-1.000000,-0.000004,1.000000,0.000018,1.000000,0.000004,-0.000004,1,-0.278400,-0.379151,-3.401925,1,0.000004,-0.000001,1.000000,0.000004,-1.000000,-0.000001,1.000000,0.000004,-0.000004,1,-0.049729,0.636325,-3.178885,1,0.000004,0.000018,1.000000,0.000004,-1.000000,0.000018,1.000000,0.000004,-0.000004,1,0.231933,0.636328,-3.178886,1,-0.135376,0.990305,-0.031132,0.117264,0.047215,0.991978,0.983830,0.130640,-0.122519,1,-0.074512,-0.033562,-3.438061,1,-0.134084,0.971911,0.193418,0.020142,-0.192467,0.981097,0.990765,0.135446,0.006231,1,0.114728,0.835115,-3.357893,1,-0.899383,0.287108,0.329666,0.411544,0.301700,0.860005,0.147455,0.909146,-0.389501,1,2.846723,-1.227049,-1.232689,1,-0.917159,0.300016,0.262317,0.230006,-0.139039,0.963206,0.325449,0.943747,0.058515,1,2.844886,0.075864,-1.469389,1,-0.379161,0.560068,-3.401925,1,-0.636320,0.513620,-3.178885,1,-0.583516,1.225782,-3.317134,1,-0.601250,1.131625,-2.974875,1
1,0.657868,-0.741929,-0.129423,-0.085928,-0.244667,0.965792,-0.748215,-0.624243,-0.224712,1,-1.788129,0.166231,2.780501,1,0.657868,-0.741929,-0.129423,-0.085928,-0.244667,0.965792,-0.748215,-0.624243,-0.224712,1,-1.788126,0.390648,2.780501,1,0.658284,-0.740245,-0.136746,-0.024298,-0.202457,0.978990,-0.752377,-0.641131,-0.151260,1,-1.790225,0.373365,2.801536,1,-0.000004,-0.000001,-1.000000,-0.000004,1.000000,-0.000001,1.000000,0.000004,-0.000004,1,-0.007378,-0.377450,-3.403417,1,-0.000004,0.000018,-1.000000,-0.000004,1.000000,0.000018,1.000000,0.000004,-0.000004,1,-0.289060,-0.377444,-3.403417,1,0.000004,-0.000001,1.000000,0.000004,-1.000000,-0.000001,1.000000,0.000004,-0.000004,1,-0.049729,0.636325,-3.178885,1,0.000004,0.000018,1.000000,0.000004,-1.000000,0.000018,1.000000,0.000004,-0.000004,1,0.231933,0.636328,-3.178886,1,-0.135376,0.990305,-0.031132,0.117264,0.047215,0.991978,0.983830,0.130640,-0.122519,1,-0.074512,-0.033562,-3.438061,1,-0.134084,0.971911,0.193418,0.020142,-0.192467,0.981097,0.990765,0.135446,0.006231,1,0.114728,0.835115,-3.357893,1,-0.899383,0.287108,0.329666,0.411544,0.301700,0.860005,0.147455,0.909146,-0.389501,1,2.846723,-1.227049,-1.232689,1,-0.917159,0.300016,0.262317,0.230006,-0.139039,0.963206,0.325449,0.943747,0.058515,1,2.844886,0.075864,-1.469389,1,-0.377454,0.570728,-3.403417,1,-0.636320,0.513620,-3.178885,1,-0.583516,1.225782,-3.317134,1,-0.601250,1.131625,-2.974875,1
2,0.578353,-0.801407,-0.152493,-0.085671,-0.245560,0.965588,-0.811275,-0.545387,-0.210678,1,-1.484265,0.168469,2.931431,1,0.578353,-0.801407,-0.152493,-0.085671,-0.245560,0.965588,-0.811275,-0.545387,-0.210678,1,-1.484262,0.393493,2.931431,1,0.578448,-0.801020,-0.154157,-0.023249,-0.205096,0.978466,-0.815388,-0.562407,-0.137260,1,-1.484745,0.375737,2.952662,1,-0.000004,-0.000001,-1.000000,-0.000004,1.000000,-0.000001,1.000000,0.000004,-0.000004,1,-0.015174,-0.368283,-3.369706,1,-0.000004,0.000018,-1.000000,-0.000004,1.000000,0.000018,1.000000,0.000004,-0.000004,1,-0.296856,-0.368277,-3.369706,1,0.000004,-0.000001,1.000000,0.000004,-1.000000,-0.000001,1.000000,0.000004,-0.000004,1,-0.034791,0.641273,-3.177283,1,0.000004,0.000018,1.000000,0.000004,-1.000000,0.000018,1.000000,0.000004,-0.000004,1,0.246871,0.641277,-3.177283,1,-0.053381,0.998410,-0.018107,0.111605,0.023984,0.993463,0.992318,0.051011,-0.112708,1,-0.332985,0.019609,-3.397426,1,-0.057268,0.986961,0.150426,-0.019822,-0.151768,0.988217,0.998162,0.053612,0.028255,1,-0.173850,0.965191,-3.300398,1,-0.885554,0.350540,0.304819,0.404093,0.257633,0.877686,0.229133,0.900415,-0.369800,1,2.747472,-1.144380,-1.481048,1,-0.878529,0.348682,0.326508,0.294105,-0.143786,0.944895,0.376416,0.926146,0.023771,1,2.743444,-0.104023,-1.647705,1,-0.366241,0.576104,-3.377605,1,-0.641269,0.528557,-3.177283,1,-0.557726,1.242861,-3.311708,1,-0.613900,1.148917,-2.939431,1
3,0.596071,-0.788689,-0.150565,-0.089694,-0.251750,0.963627,-0.797907,-0.560885,-0.220801,1,-1.532470,0.183703,2.887689,1,0.596071,-0.788689,-0.150565,-0.089694,-0.251750,0.963627,-0.797907,-0.560885,-0.220801,1,-1.532468,0.409880,2.887689,1,0.596405,-0.787241,-0.156691,-0.015913,-0.206766,0.978261,-0.802526,-0.580946,-0.135843,1,-1.534225,0.353452,2.912026,1,-0.000004,-0.000001,-1.000000,-0.000004,1.000000,-0.000001,1.000000,0.000004,-0.000004,1,-0.015006,-0.378968,-3.356780,1,-0.000004,0.000018,-1.000000,-0.000004,1.000000,0.000018,1.000000,0.000004,-0.000004,1,-0.296688,-0.378963,-3.356780,1,0.000004,-0.000001,1.000000,0.000004,-1.000000,-0.000001,1.000000,0.000004,-0.000004,1,-0.038825,0.649424,-3.151880,1,0.000004,0.000018,1.000000,0.000004,-1.000000,0.000018,1.000000,0.000004,-0.000004,1,0.242837,0.649428,-3.151880,1,-0.077659,0.996008,-0.044019,0.119039,0.053100,0.991469,0.989848,0.071756,-0.122688,1,-0.279180,-0.017699,-3.374346,1,-0.093832,0.988352,0.119814,-0.091617,-0.128406,0.987481,0.991364,0.081680,0.102598,1,-0.085726,1.187839,-3.196184,1,-0.895818,0.323414,0.304818,0.394795,0.264155,0.879977,0.204077,0.908639,-0.364317,1,2.763404,-1.110969,-1.407305,1,-0.861934,0.312184,0.399513,0.374218,-0.139949,0.916720,0.342097,0.939657,0.003801,1,2.738626,-0.362265,-1.564896,1,-0.378973,0.578356,-3.356780,1,-0.649420,0.524523,-3.151880,1,-0.551279,1.242140,-3.307165,1,-0.622657,1.135042,-2.876729,1
4,0.656269,-0.736595,-0.163518,-0.058773,-0.265963,0.962190,-0.752234,-0.621845,-0.217835,1,-1.719955,0.088269,2.749876,1,0.656269,-0.736595,-0.163518,-0.058773,-0.265963,0.962190,-0.752234,-0.621845,-0.217835,1,-1.719953,0.313927,2.749876,1,0.656326,-0.736078,-0.165606,0.007432,-0.213179,0.976985,-0.754441,-0.642451,-0.134445,1,-1.720372,0.279970,2.766512,1,-0.000004,-0.000001,-1.000000,-0.000004,1.000000,-0.000001,1.000000,0.000004,-0.000004,1,-0.012716,-0.400132,-3.328496,1,-0.000004,0.000018,-1.000000,-0.000004,1.000000,0.000018,1.000000,0.000004,-0.000004,1,-0.294398,-0.400126,-3.328496,1,0.000004,-0.000001,1.000000,0.000004,-1.000000,-0.000001,1.000000,0.000004,-0.000004,1,-0.044177,0.653005,-3.103016,1,0.000004,0.000018,1.000000,0.000004,-1.000000,0.000018,1.000000,0.000004,-0.000004,1,0.237485,0.653010,-3.103016,1,-0.156589,0.987441,-0.020965,0.054463,0.029828,0.998070,0.986161,0.155145,-0.058450,1,-0.029476,0.209802,-3.340658,1,-0.166630,0.984628,0.052364,-0.130929,-0.074731,0.988571,0.977288,0.157870,0.141369,1,0.065885,1.290580,-3.146475,1,-0.909564,0.254026,0.328882,0.396118,0.290731,0.870957,0.125629,0.922468,-0.365063,1,2.809846,-1.122649,-1.166335,1,-0.902956,0.252826,0.347491,0.323856,-0.131163,0.936970,0.282469,0.958580,0.036556,1,2.804749,-0.190249,-1.353551,1,-0.400136,0.576066,-3.328496,1,-0.653001,0.519172,-3.103016,1,-0.559154,1.242667,-3.309036,1,-0.617636,1.134251,-2.842627,1
5,0.576001,-0.792796,-0.199241,-0.096611,-0.308049,0.946452,-0.811720,-0.525909,-0.254029,1,-1.382823,0.217728,2.845135,1,0.576001,-0.792796,-0.199241,-0.096611,-0.308049,0.946452,-0.811720,-0.525909,-0.254029,1,-1.382820,0.444487,2.845135,1,0.576536,-0.790415,-0.207001,-0.034451,-0.276636,0.960357,-0.816345,-0.546549,-0.186721,1,-1.385574,0.438472,2.868994,1,-0.000004,-0.000001,-1.000000,-0.000004,1.000000,-0.000001,1.000000,0.000004,-0.000004,1,-0.008998,-0.401133,-3.247935,1,-0.000004,0.000018,-1.000000,-0.000004,1.000000,0.000018,1.000000,0.000004,-0.000004,1,-0.290681,-0.401128,-3.247935,1,0.000004,-0.000001,1.000000,0.000004,-1.000000,-0.000001,1.000000,0.000004,-0.000004,1,-0.062115,0.672668,-3.049870,1,0.000004,0.000018,1.000000,0.000004,-1.000000,0.000018,1.000000,0.000004,-0.000004,1,0.219547,0.672672,-3.049870,1,-0.054463,0.994743,-0.086719,0.062483,0.090073,0.993973,0.996559,0.048716,-0.067060,1,-0.428526,0.136312,-3.263459,1,-0.085532,0.995473,0.041439,-0.228271,-0.060064,0.971743,0.969833,0.073656,0.232375,1,-0.224852,1.556044,-2.946476,1,-0.922448,0.302970,0.239371,0.342183,0.354222,0.870309,0.178887,0.884724,-0.430422,1,2.727821,-1.016363,-1.352162,1,-0.903193,0.296219,0.310639,0.288199,-0.117814,0.950295,0.318093,0.947826,0.021039,1,2.726387,-0.096131,-1.473379,1,-0.401138,0.572348,-3.247935,1,-0.672663,0.501234,-3.049870,1,-0.559125,1.219489,-3.287865,1,-0.626279,1.117494,-2.839670,1
6,0.613240,-0.757023,-0.225507,-0.025125,-0.304039,0.952328,-0.789497,-0.578340,-0.205469,1,-1.487658,0.004084,2.788139,1,0.613240,-0.757023,-0.225507,-0.025125,-0.304039,0.952328,-0.789497,-0.578340,-0.205469,1,-1.487655,0.227660,2.788139,1,0.613183,-0.753944,-0.235744,0.035935,-0.271501,0.961767,-0.789123,-0.598211,-0.139386,1,-1.488976,0.226309,2.796649,1,-0.000004,-0.000001,-1.000000,-0.000004,1.000000,-0.000001,1.000000,0.000004,-0.000004,1,-0.020025,-0.425577,-3.224914,1,-0.000004,0.000018,-1.000000,-0.000004,1.000000,0.000018,1.000000,0.000004,-0.000004,1,-0.301708,-0.425571,-3.224914,1,0.120717,-0.306839,0.944075,0.932341,-0.291487,-0.213954,0.340835,0.906027,0.250892,1,-0.211260,-2.596767,-1.663523,1,0.171103,-0.105398,0.979599,0.929851,-0.311435,-0.195922,0.325732,0.944404,0.044717,1,-0.177776,-2.569088,-1.701031,1,-0.123183,0.983627,-0.131546,-0.022149,0.129798,0.991293,0.992137,0.125024,0.005798,1,-0.246009,0.391539,-3.212490,1,-0.164719,0.986035,0.024537,-0.242776,-0.064643,0.967926,0.955995,0.153479,0.250034,1,0.013461,1.604814,-2.911354,1,-0.958698,0.205503,0.196639,0.263692,0.383052,0.885290,0.106607,0.900578,-0.421420,1,2.834350,-0.773153,-1.143457,1,-0.931321,0.198430,0.305396,0.295207,-0.079796,0.952095,0.213294,0.976861,0.015738,1,2.838003,-0.120403,-1.179627,1,-0.425582,0.583375,-3.224914,1,-0.817694,0.532747,-2.924528,1,-0.564013,1.225905,-3.275449,1,-0.612549,1.127017,-2.808237,1
7,0.605747,-0.763885,-0.222599,-0.095538,-0.347574,0.932773,-0.789901,-0.543757,-0.283522,1,-1.418712,0.218242,2.733983,1,0.605747,-0.763885,-0.222599,-0.095538,-0.347574,0.932773,-0.789901,-0.543757,-0.283522,1,-1.418709,0.443985,2.733983,1,0.605240,-0.766403,-0.215198,-0.034027,-0.294996,0.954892,-0.795315,-0.570617,-0.204622,1,-1.416087,0.432921,2.761958,1,-0.000004,-0.000001,-1.000000,-0.000004,1.000000,-0.000001,1.000000,0.000004,-0.000004,1,0.008071,-0.424919,-3.165840,1,-0.000004,0.000018,-1.000000,-0.000004,1.000000,0.000018,1.000000,0.000004,-0.000004,1,-0.273612,-0.424913,-3.165840,1,0.372753,-0.298297,0.878678,0.780274,0.613261,-0.122815,-0.502223,0.731389,0.461348,1,-0.968878,-2.719920,0.942748,1,0.323061,-0.142545,0.935581,0.778833,0.601661,-0.177266,-0.537635,0.785929,0.305392,1,-0.603463,-2.718251,0.966818,1,-0.083030,0.979676,-0.182594,-0.012730,0.182169,0.983185,0.996466,0.083958,-0.002654,1,-0.398386,0.296502,-3.176585,1,-0.153959,0.969285,0.191791,-0.158049,-0.215764,0.963570,0.975355,0.118038,0.186413,1,0.127722,1.376253,-2.977737,1,-0.962262,0.228958,0.147071,0.226347,0.373413,0.899628,0.151059,0.898967,-0.411145,1,2.780689,-0.657893,-1.274218,1,-0.941402,0.224044,0.252124,0.245635,-0.056852,0.967694,0.231140,0.972919,-0.001512,1,2.799158,0.020843,-1.253831,1,-0.424923,0.555279,-3.165840,1,-0.833187,0.498686,-2.733001,1,-0.595697,1.204575,-3.234229,1,-0.617420,1.127838,-2.818283,1
8,0.691669,-0.699370,-0.180209,-0.107145,-0.346130,0.932048,-0.714222,-0.625361,-0.314342,1,-1.706109,0.259459,2.537027,1,0.691669,-0.699370,-0.180209,-0.107145,-0.346130,0.932048,-0.714222,-0.625361,-0.314342,1,-1.706106,0.483340,2.537027,1,0.691792,-0.698858,-0.181718,-0.044431,-0.292372,0.955272,-0.720729,-0.652775,-0.233311,1,-1.706703,0.468817,2.568999,1,-0.000004,-0.000001,-1.000000,-0.000004,1.000000,-0.000001,1.000000,0.000004,-0.000004,1,0.008233,-0.440197,-3.163084,1,-0.000004,0.000018,-1.000000,-0.000004,1.000000,0.000018,1.000000,0.000004,-0.000004,1,-0.273450,-0.440192,-3.163084,1,0.518413,-0.299458,0.800982,0.507732,0.861490,-0.006536,-0.688081,0.410073,0.598652,1,-1.368958,-2.071224,1.690651,1,0.479613,-0.190861,0.856472,0.488192,0.869089,-0.079709,-0.729137,0.456352,0.510003,1,-1.023016,-2.036289,1.752266,1,-0.983533,0.136505,0.118446,0.159695,0.349550,0.923208,0.084620,0.926920,-0.365593,1,3.040780,-0.367876,-0.969379,1,-0.956144,0.131900,0.261518,0.258630,-0.038878,0.965194,0.137477,0.990500,0.003060,1,3.069512,-0.028762,-0.875907,1,-0.983533,0.136505,0.118446,0.159695,0.349550,0.923208,0.084620,0.926920,-0.365593,1,2.881259,-0.428211,-1.073974,1,-0.956144,0.131900,0.261518,0.258630,-0.038878,0.965194,0.137477,0.990500,0.003060,1,2.909202,-0.022782,-0.995544,1,-0.440202,0.555117,-3.163084,1,-0.833580,0.443537,-2.614696,1,-0.477667,1.171491,-2.955785,1,-0.617533,1.134646,-2.817494,1
9,0.709792,-0.674104,-0.204399,-0.061498,-0.348364,0.935340,-0.701721,-0.651327,-0.288722,1,-1.780811,0.121084,2.518509,1,0.709792,-0.674104,-0.204399,-0.061498,-0.348364,0.935340,-0.701721,-0.651327,-0.288722,1,-1.780808,0.345258,2.518509,1,0.709983,-0.672161,-0.210059,-0.001638,-0.299861,0.953981,-0.704217,-0.676966,-0.213997,1,-1.782247,0.342108,2.537487,1,-0.000004,-0.000001,-1.000000,-0.000004,1.000000,-0.000001,1.000000,0.000004,-0.000004,1,0.003984,-0.444199,-3.175048,1,-0.000004,0.000018,-1.000000,-0.000004,1.000000,0.000018,1.000000,0.000004,-0.000004,1,-0.277700,-0.444194,-3.175048,1,0.558775,-0.293509,0.775644,0.479244,0.877583,-0.013165,-0.676827,0.379079,0.631034,1,-1.498063,-1.996594,1.678527,1,0.551271,-0.219576,0.804914,0.453324,0.888746,-0.068029,-0.700427,0.402389,0.589479,1,-1.204659,-1.943583,1.718122,1,-0.981459,0.103861,0.161096,0.188518,0.371171,0.909227,0.034639,0.922738,-0.383868,1,3.060884,-0.476400,-0.823791,1,-0.971108,0.100164,0.216600,0.211597,-0.058257,0.975619,0.110341,0.993264,0.035379,1,3.073703,0.132009,-0.764646,1,-0.981459,0.103861,0.161096,0.188518,0.371171,0.909227,0.034639,0.922738,-0.383868,1,2.904685,-0.536234,-0.924282,1,-0.971108,0.100164,0.216600,0.211597,-0.058257,0.975619,0.110341,0.993264,0.035379,1,2.917137,0.128780,-0.881175,1,-0.444204,0.559366,-3.175048,1,-0.836939,0.415334,-2.584236,1,-0.483395,1.171013,-2.953825,1,-0.614617,1.129562,-2.815382,1
10,0.731467,-0.643618,-0.225195,-0.043366,-0.373498,0.926617,-0.680497,-0.668024,-0.301112,1,-1.877920,0.079728,2.465737,1,0.731467,-0.643618,-0.225195,-0.043366,-0.373498,0.926617,-0.680497,-0.668024,-0.301112,1,-1.877917,0.304439,2.465737,1,0.731553,-0.641382,-0.231215,0.016860,-0.322010,0.946586,-0.681576,-0.696376,-0.224753,1,-1.879188,0.298214,2.481841,1,-0.000004,-0.000001,-1.000000,-0.000004,1.000000,-0.000001,1.000000,0.000004,-0.000004,1,-0.002423,-0.441520,-3.191013,1,-0.000004,0.000018,-1.000000,-0.000004,1.000000,0.000018,1.000000,0.000004,-0.000004,1,-0.284106,-0.441514,-3.191013,1,0.568532,-0.313397,0.760627,0.481390,0.876506,0.001326,-0.667109,0.365404,0.649188,1,-1.521564,-1.999417,1.666603,1,0.599799,-0.186878,0.778022,0.413942,0.904588,-0.101841,-0.684757,0.383140,0.619928,1,-1.371633,-1.853337,1.696431,1,-0.983880,0.088077,0.155636,0.177023,0.356298,0.917450,0.025354,0.930212,-0.366146,1,3.081330,-0.424609,-0.791026,1,-0.971765,0.084409,0.220336,0.218568,-0.029759,0.975368,0.088887,0.995987,0.010470,1,3.096178,0.102411,-0.723564,1,-0.983880,0.088077,0.155636,0.177023,0.356298,0.917450,0.025354,0.930212,-0.366146,1,2.920975,-0.490651,-0.895404,1,-0.971765,0.084409,0.220336,0.218568,-0.029759,0.975368,0.088887,0.995987,0.010470,1,2.934987,0.091515,-0.845554,1,-0.436830,0.566009,-3.184004,1,-0.826844,0.409072,-2.569720,1,-0.474660,1.177919,-2.960294,1,-0.609435,1.130238,-2.816938,1
11,0.760247,-0.603863,-0.239529,-0.014267,-0.384145,0.923163,-0.649478,-0.698414,-0.300660,1,-1.999428,-0.005965,2.398462,1,0.760247,-0.603863,-0.239529,-0.014267,-0.384145,0.923163,-0.649478,-0.698414,-0.300660,1,-1.999426,0.219466,2.398462,1,0.760132,-0.600918,-0.247180,0.042498,-0.333619,0.941750,-0.648378,-0.726358,-0.228056,1,-2.000393,0.223452,2.407624,1,-0.000004,-0.000001,-1.000000,-0.000004,1.000000,-0.000001,1.000000,0.000004,-0.000004,1,-0.003057,-0.448309,-3.212148,1,-0.000004,0.000018,-1.000000,-0.000004,1.000000,0.000018,1.000000,0.000004,-0.000004,1,-0.284740,-0.448303,-3.212148,1,0.629070,-0.302584,0.716040,0.411159,0.911251,0.023857,-0.659711,0.279399,0.697651,1,-1.716064,-1.812341,1.705353,1,0.626099,-0.211556,0.750496,0.367409,0.928987,-0.044640,-0.687758,0.303688,0.659365,1,-1.445771,-1.715965,1.758240,1,-0.968044,0.041639,0.247299,0.243946,0.384986,0.890099,-0.058144,0.921983,-0.382841,1,3.105975,-0.673803,-0.542468,1,-0.970884,0.040726,0.236063,0.233219,-0.064365,0.970292,0.054710,0.997095,0.052993,1,3.106487,0.058765,-0.588966,1,-0.968044,0.041639,0.247299,0.243946,0.384986,0.890099,-0.058144,0.921983,-0.382841,1,2.941053,-0.727157,-0.643508,1,-0.970884,0.040726,0.236063,0.233219,-0.064365,0.970292,0.054710,0.997095,0.052993,1,2.941801,0.053762,-0.703569,1,-0.448313,0.566407,-3.212148,1,-0.815467,0.367919,-2.563830,1,-0.491133,1.160442,-2.938101,1,-0.611745,1.109975,-2.785807,1
12,0.920805,-0.361727,-0.145849,-0.066450,-0.513980,0.855224,-0.384321,-0.777803,-0.497312,1,-2.623386,0.194372,1.647380,1,0.920805,-0.361727,-0.145849,-0.066450,-0.513980,0.855224,-0.384321,-0.777803,-0.497312,1,-2.623384,0.424239,1.647382,1,0.921389,-0.355646,-0.156713,-0.027115,-0.461074,0.886948,-0.387695,-0.812974,-0.434471,1,-2.627724,0.478816,1.672485,1,-0.000004,-0.000001,-1.000000,-0.000004,1.000000,-0.000001,1.000000,0.000004,-0.000004,1,0.046944,-0.489397,-3.235060,1,-0.000004,0.000018,-1.000000,-0.000004,1.000000,0.000018,1.000000,0.000004,-0.000004,1,-0.234740,-0.489393,-3.235060,1,0.543928,-0.399330,0.738023,0.232570,0.916794,0.324654,-0.806259,-0.004946,0.591542,1,-1.417782,-1.272121,2.296770,1,0.646732,-0.256416,0.718324,0.124125,0.964623,0.232582,-0.752550,-0.061256,0.655680,1,-1.463847,-1.025919,2.202123,1,-0.937962,0.335674,0.086896,0.228962,0.411398,0.882229,0.260392,0.847393,-0.462732,1,2.771905,-0.745866,-1.569292,1,-0.937962,0.335673,0.086896,0.021009,-0.195133,0.980552,0.346102,0.921546,0.175976,1,2.771905,0.715883,-1.431115,1,-0.928795,-0.120418,0.350486,0.276043,0.406217,0.871085,-0.247267,0.905808,-0.344052,1,2.974529,-0.900609,-0.058025,1,-0.947221,-0.118221,0.297987,0.306851,-0.065228,0.949520,-0.092816,0.990843,0.098062,1,2.991954,-0.223779,-0.264972,1,-0.489402,0.516406,-3.235060,1,-0.822398,0.358931,-2.546540,1,-0.607577,1.090533,-3.071658,1,-0.628610,1.045516,-2.751302,1
13,0.868876,-0.435686,-0.235015,-0.001554,-0.477147,0.878822,-0.495028,-0.763222,-0.415259,1,-2.398409,-0.012748,1.964496,1,0.868876,-0.435686,-0.235015,-0.001554,-0.477147,0.878822,-0.495028,-0.763222,-0.415259,1,-2.398407,0.216276,1.964498,1,0.868349,-0.425507,-0.254782,0.048960,-0.437667,0.897803,-0.493531,-0.792081,-0.359215,1,-2.401244,0.246051,1.972538,1,-0.000004,-0.000001,-1.000000,-0.000004,1.000000,-0.000001,1.000000,0.000004,-0.000004,1,0.018195,-0.484327,-3.206227,1,-0.000004,0.000018,-1.000000,-0.000004,1.000000,0.000018,1.000000,0.000004,-0.000004,1,-0.263489,-0.484322,-3.206227,1,0.558740,-0.376962,0.738721,0.310469,0.921035,0.235168,-0.769037,0.097952,0.631654,1,-1.464828,-1.508541,2.107091,1,0.666340,-0.226518,0.710409,0.191004,0.972805,0.131029,-0.720769,0.048381,0.691484,1,-1.545300,-1.236717,2.021353,1,-0.936538,0.349927,0.021159,0.169398,0.398879,0.901221,0.306922,0.847612,-0.432842,1,2.688049,-0.504391,-1.694351,1,-0.936538,0.349927,0.021159,-0.035694,-0.155226,0.987234,0.348744,0.923827,0.157865,1,2.688049,0.903642,-1.435244,1,-0.970239,0.008532,0.241999,0.224893,0.402259,0.887474,-0.089774,0.915486,-0.392206,1,2.924410,-0.724914,-0.562380,1,-0.920850,-0.002577,0.389908,0.389132,-0.069471,0.918559,0.024720,0.997581,0.064975,1,2.888788,-0.456078,-0.634462,1,-0.484331,0.545155,-3.206227,1,-0.822272,0.348109,-2.525663,1,-0.589577,1.129581,-3.064976,1,-0.637360,1.045444,-2.692643,1
14,0.863519,-0.451610,-0.224462,0.012919,-0.425127,0.905041,-0.504151,-0.784420,-0.361271,1,-2.356500,-0.060794,1.993222,1,0.863519,-0.451610,-0.224462,0.012919,-0.425127,0.905041,-0.504151,-0.784420,-0.361271,1,-2.356498,0.160082,1.993223,1,0.862765,-0.443594,-0.242611,0.062997,-0.381790,0.922100,-0.501665,-0.810839,-0.301451,1,-2.357915,0.189975,1.997892,1,-0.000004,-0.000001,-1.000000,-0.000004,1.000000,-0.000001,1.000000,0.000004,-0.000004,1,0.004488,-0.490937,-3.186321,1,-0.000004,0.000018,-1.000000,-0.000004,1.000000,0.000018,1.000000,0.000004,-0.000004,1,-0.277196,-0.490931,-3.186321,1,0.573847,-0.371138,0.730038,0.339509,0.919020,0.200340,-0.745274,0.132890,0.653382,1,-1.483249,-1.590151,2.010063,1,0.720222,-0.190935,0.666952,0.180715,0.979825,0.085355,-0.669793,0.059053,0.740196,1,-1.730329,-1.218661,1.871414,1,-0.951034,0.308779,0.013792,0.139792,0.389903,0.910184,0.275668,0.867544,-0.413975,1,2.740234,-0.370775,-1.594335,1,-0.951034,0.308779,0.013792,-0.056137,-0.216437,0.974681,0.303946,0.926181,0.223173,1,2.740234,1.013889,-1.231813,1,-0.957317,0.039237,0.286364,0.279058,0.383583,0.880335,-0.075302,0.922672,-0.378160,1,2.860015,-0.837031,-0.608016,1,-0.897306,0.023621,0.440776,0.436880,-0.095146,0.894474,0.063066,0.995183,0.075056,1,2.807740,-0.550401,-0.727065,1,-0.490941,0.558862,-3.186321,1,-0.811277,0.330104,-2.500739,1,-0.603510,1.153343,-3.060551,1,-0.644178,1.060281,-2.625203,1
15,0.822702,-0.541692,-0.172429,-0.004177,-0.309072,0.951029,-0.568458,-0.781693,-0.256537,1,-2.164629,-0.062076,2.164216,1,0.822702,-0.541692,-0.172429,-0.004177,-0.309072,0.951029,-0.568458,-0.781693,-0.256537,1,-2.164627,0.160808,2.164217,1,0.822517,-0.538009,-0.184422,0.033619,-0.277704,0.960078,-0.567745,-0.795881,-0.210329,1,-2.165817,0.236061,2.168802,1,-0.000004,-0.000001,-1.000000,-0.000004,1.000000,-0.000001,1.000000,0.000004,-0.000004,1,-0.002757,-0.476142,-3.153569,1,-0.000004,0.000018,-1.000000,-0.000004,1.000000,0.000018,1.000000,0.000004,-0.000004,1,-0.284441,-0.476137,-3.153569,1,0.644738,-0.369129,0.669371,0.422400,0.901881,0.090493,-0.637096,0.224398,0.737397,1,-1.646871,-1.814506,1.635147,1,0.747545,-0.175607,0.640576,0.262368,0.964058,-0.041894,-0.610196,0.199384,0.766751,1,-1.787656,-1.450059,1.586003,1,-0.907846,0.419180,-0.010215,0.135752,0.316881,0.938700,0.396721,0.850808,-0.344584,1,2.526355,-0.254724,-1.891668,1,-0.907846,0.419180,-0.010215,-0.102425,-0.198074,0.974821,0.406602,0.886033,0.222756,1,2.526355,1.173145,-1.493603,1,-0.937026,0.164718,0.307977,0.346915,0.336965,0.875274,0.040396,0.926997,-0.372888,1,2.720059,-0.953287,-0.931614,1,-0.861242,0.141911,0.487979,0.473073,-0.126897,0.871837,0.185646,0.981712,0.042155,1,2.652250,-0.612575,-1.070205,1,-0.476147,0.566107,-3.153569,1,-0.822483,0.331212,-2.451726,1,-0.578588,1.187885,-3.063332,1,-0.648957,1.075405,-2.577174,1
16,0.758680,-0.635172,-0.144779,-0.063713,-0.293515,0.953829,-0.648340,-0.714427,-0.263153,1,-1.883839,0.108434,2.346176,1,0.758680,-0.635172,-0.144779,-0.063713,-0.293515,0.953829,-0.648340,-0.714427,-0.263153,1,-1.883837,0.332477,2.346176,1,0.758500,-0.636347,-0.140502,-0.017822,-0.235777,0.971644,-0.651430,-0.734488,-0.190177,1,-1.882739,0.369741,2.364927,1,-0.000004,-0.000001,-1.000000,-0.000004,1.000000,-0.000001,1.000000,0.000004,-0.000004,1,0.003329,-0.467500,-3.102280,1,-0.000004,0.000018,-1.000000,-0.000004,1.000000,0.000018,1.000000,0.000004,-0.000004,1,-0.278355,-0.467495,-3.102280,1,0.695785,-0.331956,0.636937,0.441966,0.896900,-0.015357,-0.566171,0.292190,0.770763,1,-1.781527,-1.870803,1.367781,1,0.770881,-0.176336,0.612085,0.311454,0.942563,-0.120712,-0.555642,0.283691,0.781525,1,-1.793731,-1.579867,1.348447,1,-0.774671,0.632310,0.008324,0.190380,0.220649,0.956593,0.603027,0.742629,-0.291310,1,1.982921,-0.343761,-2.409651,1,-0.774671,0.632310,0.008324,-0.160787,-0.209683,0.964459,0.611582,0.745799,0.264103,1,1.982921,1.358028,-1.992349,1,-0.862860,0.317048,0.393641,0.468597,0.209885,0.858117,0.189445,0.924894,-0.329669,1,2.413241,-1.205176,-1.352273,1,-0.833612,0.307785,0.458649,0.439058,-0.134585,0.888321,0.335140,0.941889,-0.022944,1,2.387551,-0.452329,-1.533668,1,-0.467505,0.560021,-3.102280,1,-0.845502,0.338333,-2.382631,1,-0.603459,1.198594,-3.039394,1,-0.704356,1.095064,-2.521671,1
17,0.772916,-0.619982,-0.134994,-0.073975,-0.299350,0.951271,-0.630182,-0.725266,-0.277235,1,-1.878327,0.134739,2.275121,1,0.772916,-0.619982,-0.134994,-0.073975,-0.299350,0.951271,-0.630182,-0.725266,-0.277235,1,-1.878325,0.359442,2.275122,1,0.772287,-0.623331,-0.122598,-0.023762,-0.221193,0.974940,-0.634829,-0.750021,-0.185636,1,-1.874944,0.373530,2.300108,1,-0.000004,-0.000001,-1.000000,-0.000004,1.000000,-0.000001,1.000000,0.000004,-0.000004,1,0.014110,-0.485561,-3.045394,1,-0.000004,0.000018,-1.000000,-0.000004,1.000000,0.000018,1.000000,0.000004,-0.000004,1,-0.267574,-0.485556,-3.045394,1,0.680627,-0.350753,0.643210,0.455222,0.890370,0.003830,-0.574038,0.290197,0.765680,1,-1.681866,-1.889094,1.348623,1,0.784336,-0.199127,0.587508,0.311630,0.945381,-0.095610,-0.536380,0.258076,0.803550,1,-1.767234,-1.579419,1.283440,1,-0.646194,0.762329,-0.035888,0.154534,0.176752,0.972048,0.747364,0.622585,-0.232022,1,1.449759,-0.202575,-2.717674,1,-0.646194,0.762329,-0.035887,-0.242877,-0.160842,0.956630,0.723495,0.626884,0.289087,1,1.449759,1.565240,-2.233282,1,-0.869034,0.307670,0.387453,0.457634,0.202267,0.865829,0.188020,0.929746,-0.316577,1,2.380606,-1.143815,-1.342701,1,-0.851699,0.304067,0.426793,0.422574,-0.083134,0.902508,0.309904,0.949016,-0.057686,1,2.365776,-0.405829,-1.489349,1,-0.485566,0.549240,-3.045394,1,-0.873093,0.330147,-2.318266,1,-0.612988,1.194796,-3.033069,1,-0.694645,1.102032,-2.473479,1
18,0.755378,-0.638729,-0.146388,-0.039125,-0.266957,0.962914,-0.654120,-0.721637,-0.226644,1,-1.757211,0.008136,2.307525,1,0.755378,-0.638729,-0.146388,-0.039125,-0.266957,0.962914,-0.654120,-0.721637,-0.226644,1,-1.757209,0.232045,2.307525,1,0.755232,-0.640411,-0.139635,-0.003029,-0.216443,0.976291,-0.655451,-0.736903,-0.165404,1,-1.756060,0.305643,2.317954,1,-0.000004,-0.000001,-1.000000,-0.000004,1.000000,-0.000001,1.000000,0.000004,-0.000004,1,0.018229,-0.494246,-2.976156,1,-0.000004,0.000018,-1.000000,-0.000004,1.000000,0.000018,1.000000,0.000004,-0.000004,1,-0.263455,-0.494241,-2.976156,1,0.691214,-0.385721,0.611100,0.487624,0.873054,-0.000486,-0.533335,0.298323,0.791553,1,-1.641691,-1.948583,1.182334,1,0.791934,-0.200063,0.576902,0.325105,0.937901,-0.121031,-0.516863,0.283402,0.807797,1,-1.743573,-1.610890,1.155566,1,-0.629577,0.776455,-0.027376,0.096024,0.112728,0.988975,0.770981,0.620008,-0.145529,1,1.341108,0.020957,-2.699234,1,-0.628743,0.777002,-0.030813,-0.198879,-0.122371,0.972354,0.751751,0.617489,0.231470,1,1.335633,1.423145,-2.340399,1,-0.851218,0.328085,0.409619,0.485609,0.196390,0.851830,0.199027,0.924008,-0.326492,1,2.252260,-1.197670,-1.366838,1,-0.899876,0.341870,0.270829,0.263475,-0.068741,0.962214,0.347569,0.937230,-0.028216,1,2.268952,0.055526,-1.544397,1,-0.494250,0.545121,-2.976156,1,-0.897128,0.303054,-2.253995,1,-0.632060,1.202473,-2.964343,1,-0.703940,1.108517,-2.455223,1
19,0.775231,-0.607360,-0.173583,-0.024507,-0.303508,0.952514,-0.631203,-0.734164,-0.250173,1,-1.780626,-0.028353,2.228631,1,0.775231,-0.607360,-0.173583,-0.024507,-0.303508,0.952514,-0.631203,-0.734164,-0.250173,1,-1.780625,0.196041,2.228632,1,0.775226,-0.607868,-0.171818,0.018490,-0.250048,0.968057,-0.631414,-0.753640,-0.182604,1,-1.780406,0.249658,2.237012,1,-0.000004,-0.000001,-1.000000,-0.000004,1.000000,-0.000001,1.000000,0.000004,-0.000004,1,0.032091,-0.509305,-2.925683,1,-0.000004,0.000018,-1.000000,-0.000004,1.000000,0.000018,1.000000,0.000004,-0.000004,1,-0.249594,-0.509300,-2.925683,1,0.683158,-0.407942,0.605705,0.482571,0.874708,0.044838,-0.548106,0.261664,0.794425,1,-1.577940,-1.915834,1.196201,1,0.789634,-0.219264,0.573064,0.316642,0.945615,-0.074497,-0.525563,0.240281,0.816118,1,-1.685265,-1.582651,1.161446,1,-0.664002,0.747673,-0.009304,0.092874,0.094815,0.991153,0.741940,0.657264,-0.132397,1,1.423481,0.032095,-2.610649,1,-0.644354,0.760743,-0.077963,-0.292519,-0.150995,0.944263,0.706569,0.631246,0.319826,1,1.305535,1.667942,-2.137320,1,-0.899041,0.262435,0.350503,0.412137,0.236839,0.879801,0.147878,0.935433,-0.321087,1,2.360039,-1.010637,-1.229991,1,-0.931074,0.274795,0.239978,0.221992,-0.095271,0.970383,0.289519,0.956771,0.027702,1,2.354853,0.187372,-1.357182,1,-0.509310,0.531259,-2.925683,1,-0.914083,0.285240,-2.216854,1,-0.670061,1.178735,-2.959847,1,-0.708603,1.110139,-2.452192,1
20,0.733139,-0.646187,-0.212013,-0.020880,-0.332989,0.942700,-0.679758,-0.686703,-0.257620,1,-1.607474,-0.019916,2.323500,1,0.733139,-0.646187,-0.212013,-0.020880,-0.332989,0.942700,-0.679758,-0.686703,-0.257620,1,-1.607472,0.204274,2.323500,1,0.733212,-0.648929,-0.203203,0.036395,-0.260950,0.964666,-0.679025,-0.714700,-0.167714,1,-1.606531,0.207101,2.333109,1,-0.000004,-0.000001,-1.000000,-0.000004,1.000000,-0.000001,1.000000,0.000004,-0.000004,1,0.030145,-0.512844,-2.888730,1,-0.000004,0.000018,-1.000000,-0.000004,1.000000,0.000018,1.000000,0.000004,-0.000004,1,-0.251539,-0.512839,-2.888730,1,0.717760,-0.371836,0.588693,0.470553,0.882218,-0.016484,-0.513226,0.288843,0.808189,1,-1.676802,-1.888614,1.058803,1,0.797695,-0.228941,0.557915,0.341882,0.933787,-0.105634,-0.496790,0.275005,0.823148,1,-1.676221,-1.630677,1.032365,1,-0.617159,0.786807,-0.007054,0.096236,0.084378,0.991776,0.780931,0.611405,-0.127794,1,1.212546,0.024710,-2.656564,1,-0.625695,0.760806,0.172280,0.013293,-0.210422,0.977520,0.779955,0.613919,0.121547,1,1.392896,0.860219,-2.460509,1,-0.945865,0.266080,0.185853,0.252999,0.245768,0.935729,0.203302,0.932094,-0.299781,1,2.374991,-0.578085,-1.381857,1,-0.936251,0.263132,0.232800,0.227911,-0.049402,0.972428,0.267378,0.963494,-0.013718,1,2.386029,0.146762,-1.362876,1,-0.512848,0.533205,-2.888730,1,-0.926450,0.260881,-2.158656,1,-0.718412,1.183993,-2.773716,1,-0.712941,1.118796,-2.470682,1
21,0.867671,-0.469433,-0.163645,0.017359,-0.300364,0.953667,-0.496835,-0.830310,-0.252469,1,-2.075641,-0.149377,1.887830,1,0.867671,-0.469433,-0.163645,0.017359,-0.300364,0.953667,-0.496835,-0.830310,-0.252469,1,-2.075639,0.072283,1.887831,1,0.867489,-0.467738,-0.169362,0.043785,-0.267342,0.962606,-0.495526,-0.842466,-0.211437,1,-2.075791,0.186512,1.888929,1,-0.000004,-0.000001,-1.000000,-0.000004,1.000000,-0.000001,1.000000,0.000004,-0.000004,1,0.038846,-0.534221,-2.887131,1,-0.000004,0.000018,-1.000000,-0.000004,1.000000,0.000018,1.000000,0.000004,-0.000004,1,-0.242839,-0.534217,-2.887131,1,0.635293,-0.504871,0.584387,0.498636,0.845998,0.188812,-0.589716,0.171445,0.789203,1,-1.350526,-1.906415,1.333412,1,0.810086,-0.242728,0.533708,0.257445,0.965092,0.048159,-0.526767,0.098388,0.844296,1,-1.690638,-1.441710,1.249677,1,-0.748407,0.662369,0.033971,0.137173,0.104473,0.985022,0.648900,0.741857,-0.169047,1,1.663375,-0.110384,-2.383805,1,-0.752655,0.639999,0.154632,0.016350,-0.216614,0.976120,0.658212,0.737210,0.152572,1,1.782646,0.848077,-2.157415,1,-0.974503,0.096786,0.202425,0.220053,0.236085,0.946488,0.043817,0.966900,-0.251364,1,2.559471,-0.465184,-0.945955,1,-0.973926,0.095959,0.205572,0.203875,-0.027271,0.978617,0.099513,0.995012,0.006996,1,2.560834,0.206543,-0.920034,1,-0.534226,0.524504,-2.887131,1,-0.932831,0.247765,-2.149462,1,-0.722736,1.177454,-2.741142,1,-0.686609,1.126733,-2.459223,1
22,0.801160,-0.560708,-0.209160,0.003589,-0.344995,0.938598,-0.598439,-0.752718,-0.274384,1,-1.843342,-0.082990,2.136439,1,0.801160,-0.560708,-0.209160,0.003589,-0.344995,0.938598,-0.598439,-0.752718,-0.274384,1,-1.843340,0.139871,2.136439,1,0.801013,-0.559259,-0.213559,0.060234,-0.279634,0.958215,-0.595609,-0.780407,-0.190304,1,-1.843531,0.149235,2.140056,1,-0.000004,-0.000001,-1.000000,-0.000004,1.000000,-0.000001,1.000000,0.000004,-0.000004,1,0.032570,-0.526409,-2.892906,1,-0.000004,0.000018,-1.000000,-0.000004,1.000000,0.000018,1.000000,0.000004,-0.000004,1,-0.249114,-0.526404,-2.892906,1,0.675599,-0.466566,0.570861,0.497895,0.859784,0.113457,-0.543752,0.207578,0.813170,1,-1.492944,-1.933289,1.187239,1,0.827753,-0.222363,0.515150,0.269743,0.962767,-0.017853,-0.492000,0.153737,0.856914,1,-1.749484,-1.486547,1.113563,1,-0.698123,0.714987,0.037642,0.176896,0.121302,0.976726,0.693781,0.688534,-0.211163,1,1.486557,-0.238439,-2.493527,1,-0.701729,0.702655,0.117696,-0.014861,-0.179601,0.983627,0.712289,0.688490,0.136473,1,1.565822,0.911166,-2.276467,1,-0.944062,0.178590,0.277223,0.318644,0.277513,0.906340,0.084931,0.943977,-0.318896,1,2.444659,-0.786734,-1.073163,1,-0.970401,0.185532,0.154598,0.146387,-0.057255,0.987569,0.192077,0.980969,0.028401,1,2.420781,0.358402,-1.125600,1,-0.526414,0.530780,-2.892906,1,-0.937242,0.233034,-2.150321,1,-0.704966,1.176432,-2.739976,1,-0.699226,1.104437,-2.452360,1
23,0.805069,-0.538268,-0.249262,0.040848,-0.368907,0.928568,-0.591774,-0.757743,-0.275008,1,-1.867492,-0.171091,2.125869,1,0.805069,-0.538268,-0.249262,0.040848,-0.368907,0.928568,-0.591774,-0.757743,-0.275008,1,-1.867490,0.053171,2.125869,1,0.805041,-0.538119,-0.249673,0.086298,-0.310167,0.946757,-0.586908,-0.783725,-0.203258,1,-1.867478,0.097210,2.123684,1,-0.000004,-0.000001,-1.000000,-0.000004,1.000000,-0.000001,1.000000,0.000004,-0.000004,1,0.026704,-0.532426,-2.898201,1,-0.000004,0.000018,-1.000000,-0.000004,1.000000,0.000018,1.000000,0.000004,-0.000004,1,-0.254981,-0.532421,-2.898201,1,0.698024,-0.454776,0.553120,0.472946,0.872778,0.120753,-0.537666,0.177307,0.824304,1,-1.564968,-1.879690,1.188585,1,0.828930,-0.264544,0.492840,0.289140,0.956897,0.027322,-0.478825,0.119852,0.869691,1,-1.717508,-1.519849,1.100965,1,-0.712921,0.698796,0.058551,0.217667,0.141146,0.965763,0.666607,0.701258,-0.252731,1,1.530078,-0.373083,-2.448092,1,-0.713906,0.695846,0.078342,-0.057662,-0.169916,0.983770,0.697864,0.697802,0.161428,1,1.549738,1.015767,-2.214511,1,-0.921677,0.166602,0.350366,0.384641,0.274559,0.881288,0.050628,0.947028,-0.317137,1,2.405935,-0.975698,-0.993284,1,-0.956347,0.174287,0.234571,0.227394,-0.060355,0.971931,0.183553,0.982843,0.018089,1,2.408126,0.136369,-1.120323,1,-0.532430,0.536646,-2.898201,1,-0.948245,0.218964,-2.138942,1,-0.709753,1.169961,-2.734213,1,-0.714559,1.078762,-2.383677,1
24,0.754781,-0.605302,-0.252813,0.023641,-0.360048,0.932634,-0.655550,-0.709911,-0.257448,1,-1.669205,-0.121840,2.263417,1,0.754781,-0.605302,-0.252813,0.023641,-0.360048,0.932634,-0.655550,-0.709911,-0.257448,1,-1.669203,0.102452,2.263417,1,0.754522,-0.603627,-0.257548,0.079780,-0.305164,0.948952,-0.651408,-0.736552,-0.182095,1,-1.669242,0.120199,2.264024,1,-0.000004,-0.000001,-1.000000,-0.000004,1.000000,-0.000001,1.000000,0.000004,-0.000004,1,0.020753,-0.529215,-2.871392,1,-0.000004,0.000018,-1.000000,-0.000004,1.000000,0.000018,1.000000,0.000004,-0.000004,1,-0.260932,-0.529210,-2.871392,1,0.728005,-0.412792,0.547368,0.468997,0.882222,0.041547,-0.500050,0.226468,0.835860,1,-1.656464,-1.879752,1.047070,1,0.841960,-0.250302,0.477967,0.304856,0.951613,-0.038675,-0.445159,0.178274,0.877526,1,-1.750125,-1.555624,0.961439,1,-0.664360,0.747196,0.018018,0.211231,0.164579,0.963481,0.716943,0.643904,-0.267171,1,1.332985,-0.361724,-2.540828,1,-0.669181,0.741403,0.050193,-0.124974,-0.178869,0.975903,0.732515,0.646783,0.212352,1,1.374348,1.199333,-2.215879,1,-0.900916,0.242227,0.360105,0.420827,0.284753,0.861290,0.106087,0.927492,-0.358474,1,2.282142,-1.080682,-1.148705,1,-0.933217,0.249917,0.258162,0.248845,-0.068759,0.966100,0.259196,0.965823,0.001977,1,2.287326,0.088379,-1.308133,1,-0.529220,0.542597,-2.871392,1,-0.948034,0.214661,-2.116263,1,-0.702661,1.172052,-2.744377,1,-0.726275,1.072666,-2.348778,1
25,0.709165,-0.666832,-0.228953,0.013893,-0.311456,0.950159,-0.704905,-0.677001,-0.211609,1,-1.475323,-0.116514,2.360088,1,0.709165,-0.666832,-0.228953,0.013893,-0.311456,0.950159,-0.704905,-0.677001,-0.211609,1,-1.475321,0.107605,2.360088,1,0.709158,-0.666772,-0.229150,0.068181,-0.258634,0.963566,-0.701745,-0.698944,-0.137951,1,-1.475325,0.133019,2.361363,1,-0.000004,-0.000001,-1.000000,-0.000004,1.000000,-0.000001,1.000000,0.000004,-0.000004,1,0.019865,-0.532438,-2.830764,1,-0.000004,0.000018,-1.000000,-0.000004,1.000000,0.000018,1.000000,0.000004,-0.000004,1,-0.261820,-0.532434,-2.830764,1,0.764107,-0.356607,0.537562,0.457439,0.887095,-0.061738,-0.454852,0.293077,0.840961,1,-1.757246,-1.853300,0.869565,1,0.865758,-0.222454,0.448305,0.307817,0.942995,-0.126526,-0.394604,0.247537,0.884880,1,-1.791746,-1.558017,0.772295,1,-0.609156,0.793050,-0.001142,0.196465,0.152303,0.968610,0.768330,0.589810,-0.248582,1,1.129787,-0.293367,-2.609893,1,-0.617531,0.782249,0.082107,-0.074015,-0.161719,0.984057,0.783056,0.601609,0.157764,1,1.223782,1.065669,-2.339530,1,-0.871083,0.301775,0.387486,0.461334,0.232112,0.856327,0.168478,0.924692,-0.341408,1,2.150367,-1.125100,-1.302248,1,-0.887813,0.304344,0.345201,0.338096,-0.077549,0.937911,0.312217,0.949400,-0.034048,1,2.160037,-0.120167,-1.457044,1,-0.532443,0.543485,-2.830764,1,-0.949936,0.219323,-2.061210,1,-0.693695,1.184841,-2.714744,1,-0.748624,1.069885,-2.273629,1
26,0.644090,-0.729869,-0.228995,0.002040,-0.297720,0.954651,-0.764947,-0.615348,-0.190269,1,-1.209843,-0.081279,2.458454,1,0.644090,-0.729869,-0.228995,0.002040,-0.297720,0.954651,-0.764947,-0.615348,-0.190269,1,-1.209840,0.142301,2.458453,1,0.644106,-0.729985,-0.228582,0.067635,-0.243305,0.967589,-0.761940,-0.638690,-0.107342,1,-1.209826,0.138016,2.461595,1,-0.000004,-0.000001,-1.000000,-0.000004,1.000000,-0.000001,1.000000,0.000004,-0.000004,1,0.015439,-0.546171,-2.770693,1,-0.000004,0.000018,-1.000000,-0.000004,1.000000,0.000018,1.000000,0.000004,-0.000004,1,-0.266246,-0.546166,-2.770693,1,0.791810,-0.294426,0.535118,0.436055,0.885985,-0.157752,-0.427660,0.358250,0.829918,1,-1.833329,-1.803476,0.725646,1,0.860620,-0.192503,0.471462,0.323297,0.921839,-0.213757,-0.393463,0.336386,0.855588,1,-1.754821,-1.582603,0.669234,1,-0.547879,0.835102,-0.049330,0.163779,0.164902,0.972617,0.820369,0.524798,-0.227119,1,0.874206,-0.197637,-2.662953,1,-0.565330,0.822278,0.065273,-0.112823,-0.155469,0.981377,0.817112,0.547438,0.180663,1,1.018360,1.167021,-2.347454,1,-0.811125,0.416665,0.410447,0.531714,0.232997,0.814244,0.243634,0.878694,-0.410536,1,1.862482,-1.298492,-1.501809,1,-0.826343,0.419885,0.375303,0.354204,-0.130603,0.926004,0.437831,0.898131,-0.040802,1,1.871980,-0.106699,-1.721200,1,-0.546175,0.547911,-2.770693,1,-0.957068,0.233182,-2.012052,1,-0.693359,1.193043,-2.672122,1,-0.799889,1.056749,-2.191880,1
27,0.623061,-0.757848,-0.193549,-0.042177,-0.279643,0.959177,-0.781035,-0.589463,-0.206199,1,-1.085276,0.027779,2.449511,1,0.623061,-0.757848,-0.193549,-0.042177,-0.279643,0.959177,-0.781035,-0.589463,-0.206199,1,-1.085274,0.252895,2.449511,1,0.622996,-0.759993,-0.185168,0.026816,-0.215830,0.976063,-0.781765,-0.613049,-0.114081,1,-1.084057,0.235906,2.462901,1,-0.000004,-0.000001,-1.000000,-0.000004,1.000000,-0.000001,1.000000,0.000004,-0.000004,1,0.020521,-0.561004,-2.707509,1,-0.000004,0.000018,-1.000000,-0.000004,1.000000,0.000018,1.000000,0.000004,-0.000004,1,-0.261164,-0.561000,-2.707509,1,0.796391,-0.274819,0.538735,0.435664,0.878540,-0.195866,-0.419473,0.390694,0.819390,1,-1.804244,-1.792646,0.654730,1,0.862313,-0.169125,0.477297,0.320660,0.911886,-0.256206,-0.391910,0.373980,0.840563,1,-1.714176,-1.573594,0.610884,1,-0.520023,0.852300,-0.056229,0.116033,0.135709,0.983931,0.846234,0.505142,-0.169467,1,0.766711,-0.038061,-2.671855,1,-0.531742,0.846452,0.027732,-0.113382,-0.103601,0.988135,0.839282,0.522289,0.151062,1,0.867878,1.148849,-2.409804,1,-0.799777,0.450995,0.396183,0.523769,0.201805,0.827611,0.293297,0.869413,-0.397616,1,1.777577,-1.226594,-1.617332,1,-0.811533,0.452870,0.369219,0.355869,-0.118098,0.927044,0.463434,0.883720,-0.065322,1,1.784784,-0.094973,-1.793208,1,-0.561009,0.542829,-2.707509,1,-0.970738,0.251366,-1.945935,1,-0.685816,1.203544,-2.661108,1,-0.814024,1.071358,-2.166112,1
