0,0.648663,0.258230,-0.715928,0.702275,0.159476,0.693814,0.293337,-0.952830,-0.077903,1,-1.097574,-1.241307,-1.303783,1,0.648663,0.258230,-0.715928,0.702275,0.159476,0.693814,0.293337,-0.952830,-0.077903,1,-1.097574,-1.011124,-1.303783,1,0.657671,0.260234,-0.706928,0.695307,0.151386,0.702588,0.289856,-0.953604,-0.081380,1,-1.110558,-0.765762,-1.298766,1,-0.002079,0.000790,-0.999998,-0.004257,0.999991,0.000799,0.999989,0.004258,-0.002076,1,-0.294862,0.764147,-1.907567,1,-0.010214,0.014186,-0.999847,-0.062225,0.997952,0.014794,0.998010,0.062367,-0.009310,1,-0.584692,0.881907,-1.864335,1,0.000004,-0.000003,1.000000,0.000004,-1.000000,-0.000003,1.000000,0.000004,-0.000004,1,0.072200,-0.839435,-1.698793,1,0.000004,0.000021,1.000000,0.000004,-1.000000,0.000021,1.000000,0.000004,-0.000004,1,0.387796,-0.839426,-1.698793,1,-0.013969,0.999866,0.008592,-0.004999,-0.008663,0.999950,0.999890,0.013926,0.005120,1,0.867279,0.598661,-1.532183,1,-0.132061,0.988213,0.077425,-0.041981,-0.083615,0.995613,0.990352,0.128231,0.052528,1,1.114918,1.071229,-1.370550,1,-0.013969,0.999866,0.008592,-0.004999,-0.008663,0.999950,0.999890,0.013926,0.005120,1,0.921698,0.440375,-1.386081,1,-0.132061,0.988213,0.077425,-0.041981,-0.083615,0.995613,0.990352,0.128231,0.052528,1,1.140597,0.903887,-1.226678,1,0.751065,0.930528,-1.906307,1,0.839440,0.703354,-1.698793,1,0.797660,1.542900,-1.569021,1,0.855477,1.385838,-1.422903,1
1,0.645644,0.257791,-0.718810,0.704878,0.160905,0.690837,0.293752,-0.952708,-0.077824,1,-1.095054,-1.246035,-1.304420,1,0.645644,0.257791,-0.718810,0.704878,0.160905,0.690837,0.293752,-0.952708,-0.077824,1,-1.095054,-1.015375,-1.304420,1,0.653897,0.259635,-0.710639,0.698806,0.152743,0.698814,0.289982,-0.953551,-0.081557,1,-1.106959,-0.771812,-1.298981,1,-0.001664,0.000633,-0.999998,-0.003406,0.999994,0.000638,0.999993,0.003407,-0.001662,1,-0.297740,0.762028,-1.908908,1,-0.009153,0.012796,-0.999876,-0.056017,0.998341,0.013290,0.998388,0.056131,-0.008421,1,-0.589747,0.869097,-1.870198,1,0.000004,-0.000003,1.000000,0.000004,-1.000000,-0.000003,1.000000,0.000004,-0.000004,1,0.072977,-0.838789,-1.700818,1,0.000004,0.000021,1.000000,0.000004,-1.000000,0.000021,1.000000,0.000004,-0.000004,1,0.388573,-0.838780,-1.700818,1,-0.011173,0.999914,0.006879,-0.004008,-0.006924,0.999968,0.999930,0.011145,0.004085,1,0.862086,0.598685,-1.534633,1,-0.118780,0.990449,0.070020,-0.038290,-0.075035,0.996445,0.992182,0.115676,0.046837,1,1.089040,1.073570,-1.388886,1,-0.011173,0.999914,0.006879,-0.004008,-0.006924,0.999968,0.999930,0.011145,0.004085,1,0.917127,0.439615,-1.389177,1,-0.118780,0.990449,0.070020,-0.038290,-0.075035,0.996445,0.992182,0.115676,0.046837,1,1.117899,0.906136,-1.245279,1,0.751101,0.932504,-1.907581,1,0.838794,0.704131,-1.700818,1,0.802604,1.543383,-1.566264,1,0.860363,1.385292,-1.420795,1
2,0.641984,0.257109,-0.722324,0.708110,0.162427,0.687167,0.294002,-0.952634,-0.077786,1,-1.091075,-1.251902,-1.304802,1,0.641984,0.257109,-0.722324,0.708110,0.162427,0.687167,0.294002,-0.952634,-0.077786,1,-1.091075,-1.020799,-1.304802,1,0.651655,0.259278,-0.712826,0.700866,0.153544,0.696571,0.290055,-0.953519,-0.081661,1,-1.105035,-0.775419,-1.299105,1,-0.000853,0.000325,-1.000000,-0.001746,0.999998,0.000327,0.999998,0.001746,-0.000853,1,-0.300820,0.758438,-1.910562,1,-0.006603,0.009380,-0.999934,-0.040859,0.999118,0.009642,0.999143,0.040920,-0.006214,1,-0.598531,0.838292,-1.882670,1,0.000004,-0.000003,1.000000,0.000004,-1.000000,-0.000003,1.000000,0.000004,-0.000004,1,0.073584,-0.838341,-1.702180,1,0.000004,0.000021,1.000000,0.000004,-1.000000,0.000021,1.000000,0.000004,-0.000004,1,0.389180,-0.838332,-1.702180,1,-0.005719,0.999977,0.003528,-0.002060,-0.003540,0.999992,0.999982,0.005712,0.002080,1,0.851696,0.598741,-1.540346,1,-0.086426,0.994920,0.051625,-0.028806,-0.054293,0.998109,0.995842,0.084775,0.033352,1,1.024341,1.078153,-1.433792,1,-0.005719,0.999977,0.003528,-0.002060,-0.003540,0.999992,0.999982,0.005712,0.002080,1,0.908050,0.439477,-1.395212,1,-0.086426,0.994920,0.051625,-0.028806,-0.054293,0.998109,0.995842,0.084775,0.033352,1,1.061054,0.912376,-1.289658,1,0.751947,0.933821,-1.909274,1,0.838346,0.704738,-1.702180,1,0.813860,1.544376,-1.560787,1,0.871606,1.385615,-1.415650,1
3,0.642834,0.257404,-0.721462,0.707270,0.162245,0.688074,0.294167,-0.952586,-0.077757,1,-1.092848,-1.250422,-1.305059,1,0.642834,0.257404,-0.721462,0.707270,0.162245,0.688074,0.294167,-0.952586,-0.077757,1,-1.092848,-1.019267,-1.305058,1,0.650004,0.259013,-0.714428,0.702376,0.154132,0.694918,0.290109,-0.953496,-0.081738,1,-1.103198,-0.778003,-1.299201,1,-0.000439,0.000167,-1.000000,-0.000896,1.000000,0.000167,1.000000,0.000896,-0.000439,1,-0.302435,0.756647,-1.911228,1,-0.004777,0.006865,-0.999965,-0.029798,0.999531,0.007005,0.999545,0.029830,-0.004570,1,-0.604640,0.815776,-1.891075,1,0.000004,-0.000003,1.000000,0.000004,-1.000000,-0.000003,1.000000,0.000004,-0.000004,1,0.073636,-0.838319,-1.702234,1,0.000004,0.000021,1.000000,0.000004,-1.000000,0.000021,1.000000,0.000004,-0.000004,1,0.389232,-0.838310,-1.702234,1,-0.003661,0.999991,0.002259,-0.001320,-0.002264,0.999997,0.999992,0.003658,0.001328,1,0.847739,0.598721,-1.542608,1,-0.069923,0.996666,0.042049,-0.023698,-0.043800,0.998759,0.997271,0.068840,0.026681,1,0.990485,1.079775,-1.456256,1,-0.003661,0.999991,0.002259,-0.001320,-0.002264,0.999997,0.999992,0.003658,0.001328,1,0.904602,0.439618,-1.397454,1,-0.069923,0.996666,0.042049,-0.023698,-0.043800,0.998759,0.997271,0.068840,0.026681,1,1.031220,0.915221,-1.311758,1,0.752672,0.934533,-1.910127,1,0.838325,0.704790,-1.702234,1,0.819320,1.544730,-1.558127,1,0.877072,1.385949,-1.412972,1
4,0.641145,0.256920,-0.723136,0.708869,0.162730,0.686311,0.294002,-0.952634,-0.077789,1,-1.089958,-1.253274,-1.304803,1,0.641145,0.256920,-0.723136,0.708869,0.162730,0.686311,0.294002,-0.952634,-0.077789,1,-1.089958,-1.022089,-1.304803,1,0.651655,0.259278,-0.712826,0.700866,0.153544,0.696571,0.290055,-0.953519,-0.081661,1,-1.105131,-0.775433,-1.299104,1,-0.000226,0.000085,-1.000000,-0.000460,1.000000,0.000085,1.000000,0.000460,-0.000226,1,-0.302260,0.755887,-1.911396,1,-0.003463,0.005020,-0.999981,-0.021728,0.999751,0.005094,0.999758,0.021746,-0.003353,1,-0.607912,0.799452,-1.896798,1,0.000004,-0.000003,1.000000,0.000004,-1.000000,-0.000003,1.000000,0.000004,-0.000004,1,0.073796,-0.838130,-1.702873,1,0.000004,0.000021,1.000000,0.000004,-1.000000,0.000021,1.000000,0.000004,-0.000004,1,0.389392,-0.838121,-1.702873,1,-0.001876,0.999998,0.001157,-0.000675,-0.001159,0.999999,0.999998,0.001875,0.000677,1,0.844484,0.598450,-1.543988,1,-0.050897,0.998227,0.030844,-0.017579,-0.031775,0.999340,0.998549,0.050321,0.019166,1,0.950890,1.080795,-1.481050,1,-0.001876,0.999998,0.001157,-0.000675,-0.001159,0.999999,0.999998,0.001875,0.000677,1,0.901725,0.439141,-1.399195,1,-0.050897,0.998227,0.030844,-0.017579,-0.031775,0.999340,0.998549,0.050321,0.019166,1,0.996206,0.917377,-1.336615,1,0.753378,0.933896,-1.910512,1,0.838135,0.704950,-1.702873,1,0.825594,1.544797,-1.554459,1,0.883290,1.385653,-1.409666,1
5,0.642706,0.257375,-0.721587,0.707389,0.162281,0.687943,0.294159,-0.952588,-0.077766,1,-1.092675,-1.250645,-1.305047,1,0.642706,0.257375,-0.721587,0.707389,0.162281,0.687943,0.294159,-0.952588,-0.077766,1,-1.092675,-1.019463,-1.305047,1,0.650004,0.259013,-0.714428,0.702376,0.154132,0.694918,0.290109,-0.953496,-0.081738,1,-1.103210,-0.778004,-1.299201,1,-0.000118,0.000044,-1.000000,-0.000238,1.000000,0.000044,1.000000,0.000238,-0.000118,1,-0.303151,0.755355,-1.911615,1,-0.002515,0.003667,-0.999990,-0.015843,0.999868,0.003706,0.999871,0.015853,-0.002457,1,-0.611403,0.787356,-1.901029,1,0.000004,-0.000003,1.000000,0.000004,-1.000000,-0.000003,1.000000,0.000004,-0.000004,1,0.073674,-0.838311,-1.702249,1,0.000004,0.000021,1.000000,0.000004,-1.000000,0.000021,1.000000,0.000004,-0.000004,1,0.389270,-0.838302,-1.702249,1,-0.000962,0.999999,0.000593,-0.000344,-0.000593,1.000000,0.999999,0.000962,0.000345,1,0.842564,0.598624,-1.545508,1,-0.037059,0.999058,0.022584,-0.012975,-0.023079,0.999649,0.999229,0.036753,0.013818,1,0.921382,1.081529,-1.499668,1,-0.000962,0.999999,0.000593,-0.000344,-0.000593,1.000000,0.999999,0.000962,0.000345,1,0.900086,0.439752,-1.400347,1,-0.037059,0.999058,0.022584,-0.012975,-0.023079,0.999649,0.999229,0.036753,0.013818,1,0.970118,0.919581,-1.354691,1,0.753723,0.934551,-1.910928,1,0.838316,0.704828,-1.702249,1,0.829731,1.545150,-1.552714,1,0.887486,1.386363,-1.407552,1
6,0.641113,0.256912,-0.723167,0.708903,0.162727,0.686277,0.293992,-0.952636,-0.077800,1,-1.089913,-1.253345,-1.304787,1,0.641113,0.256912,-0.723167,0.708903,0.162727,0.686277,0.293992,-0.952636,-0.077800,1,-1.089913,-1.022140,-1.304787,1,0.651655,0.259278,-0.712826,0.700866,0.153544,0.696571,0.290055,-0.953519,-0.081661,1,-1.105132,-0.775433,-1.299104,1,-0.000062,0.000022,-1.000000,-0.000123,1.000000,0.000022,1.000000,0.000123,-0.000062,1,-0.302625,0.755230,-1.911580,1,-0.001829,0.002677,-0.999995,-0.011552,0.999930,0.002698,0.999932,0.011557,-0.001798,1,-0.612817,0.778679,-1.903890,1,0.000004,-0.000003,1.000000,0.000004,-1.000000,-0.000003,1.000000,0.000004,-0.000004,1,0.073690,-0.838311,-1.702247,1,0.000004,0.000021,1.000000,0.000004,-1.000000,0.000021,1.000000,0.000004,-0.000004,1,0.389286,-0.838302,-1.702247,1,-0.000396,1.000000,0.000243,-0.000139,-0.000243,1.000000,1.000000,0.000396,0.000139,1,0.841478,0.598593,-1.546117,1,-0.024286,0.999594,0.014876,-0.008609,-0.015089,0.999849,0.999668,0.024154,0.008971,1,0.893908,1.081694,-1.516082,1,-0.000396,1.000000,0.000243,-0.000139,-0.000243,1.000000,1.000000,0.000396,0.000139,1,0.899138,0.439771,-1.400955,1,-0.024286,0.999594,0.014876,-0.008609,-0.015089,0.999849,0.999668,0.024154,0.008971,1,0.945752,0.920809,-1.370999,1,0.754143,0.933904,-1.911058,1,0.838316,0.704844,-1.702247,1,0.833606,1.545234,-1.550598,1,0.891361,1.386447,-1.405436,1
7,0.642690,0.257372,-0.721602,0.707409,0.162268,0.687925,0.294145,-0.952591,-0.077779,1,-1.092653,-1.250694,-1.305028,1,0.642690,0.257372,-0.721602,0.707409,0.162268,0.687925,0.294145,-0.952591,-0.077779,1,-1.092653,-1.019493,-1.305027,1,0.650004,0.259013,-0.714428,0.702376,0.154132,0.694918,0.290109,-0.953496,-0.081738,1,-1.103210,-0.778004,-1.299201,1,-0.000034,0.000011,-1.000000,-0.000065,1.000000,0.000011,1.000000,0.000065,-0.000034,1,-0.303339,0.755021,-1.911697,1,-0.001331,0.001953,-0.999997,-0.008423,0.999963,0.001964,0.999964,0.008426,-0.001315,1,-0.614967,0.772180,-1.906109,1,0.000004,-0.000003,1.000000,0.000004,-1.000000,-0.000003,1.000000,0.000004,-0.000004,1,0.073837,-0.838128,-1.702869,1,0.000004,0.000021,1.000000,0.000004,-1.000000,0.000021,1.000000,0.000004,-0.000004,1,0.389432,-0.838119,-1.702869,1,-0.000255,1.000000,0.000155,-0.000088,-0.000155,1.000000,1.000000,0.000255,0.000088,1,0.841206,0.598583,-1.546271,1,-0.019663,0.999734,0.012067,-0.007001,-0.012207,0.999901,0.999782,0.019577,0.007239,1,0.883879,1.081682,-1.521959,1,-0.000255,1.000000,0.000155,-0.000088,-0.000155,1.000000,1.000000,0.000255,0.000088,1,0.898900,0.439773,-1.401109,1,-0.019663,0.999734,0.012067,-0.007001,-0.012207,0.999901,0.999782,0.019577,0.007239,1,0.936848,0.921189,-1.376848,1,0.754281,0.934556,-1.911306,1,0.838316,0.704852,-1.702246,1,0.834985,1.545254,-1.549831,1,0.892740,1.386467,-1.404669,1
8,0.641102,0.256910,-0.723178,0.708919,0.162712,0.686265,0.293978,-0.952640,-0.077814,1,-1.089897,-1.253388,-1.304767,1,0.641102,0.256910,-0.723178,0.708919,0.162712,0.686265,0.293978,-0.952640,-0.077814,1,-1.089897,-1.022164,-1.304767,1,0.651655,0.259278,-0.712826,0.700866,0.153544,0.696571,0.290055,-0.953519,-0.081661,1,-1.105133,-0.775433,-1.299104,1,-0.000019,0.000006,-1.000000,-0.000035,1.000000,0.000006,1.000000,0.000035,-0.000019,1,-0.302723,0.755063,-1.911611,1,-0.001078,0.001582,-0.999998,-0.006824,0.999975,0.001589,0.999976,0.006825,-0.001067,1,-0.615733,0.768904,-1.907184,1,0.000004,-0.000003,1.000000,0.000004,-1.000000,-0.000003,1.000000,0.000004,-0.000004,1,0.073844,-0.838128,-1.702868,1,0.000004,0.000021,1.000000,0.000004,-1.000000,0.000021,1.000000,0.000004,-0.000004,1,0.389440,-0.838119,-1.702868,1,-0.000132,1.000000,0.000080,-0.000043,-0.000080,1.000000,1.000000,0.000132,0.000043,1,0.841139,0.598357,-1.545864,1,-0.014328,0.999859,0.008811,-0.005126,-0.008885,0.999947,0.999884,0.014282,0.005253,1,0.872406,1.081400,-1.528156,1,-0.000132,1.000000,0.000080,-0.000043,-0.000080,1.000000,1.000000,0.000132,0.000043,1,0.898804,0.439202,-1.401071,1,-0.014328,0.999859,0.008811,-0.005126,-0.008885,0.999947,0.999884,0.014282,0.005253,1,0.926617,0.921009,-1.383392,1,0.754401,0.934557,-1.911382,1,0.838133,0.704998,-1.702868,1,0.836731,1.545055,-1.548404,1,0.894427,1.385911,-1.403610,1
9,0.642675,0.257368,-0.721617,0.707429,0.162256,0.687908,0.294132,-0.952594,-0.077792,1,-1.092631,-1.250742,-1.305008,1,0.642675,0.257368,-0.721617,0.707429,0.162256,0.687908,0.294132,-0.952594,-0.077792,1,-1.092631,-1.019523,-1.305008,1,0.650004,0.259013,-0.714428,0.702376,0.154132,0.694918,0.290109,-0.953496,-0.081738,1,-1.103211,-0.778004,-1.299201,1,-0.000013,0.000004,-1.000000,-0.000024,1.000000,0.000004,1.000000,0.000024,-0.000013,1,-0.302743,0.755042,-1.911611,1,-0.000785,0.001153,-0.999999,-0.004976,0.999987,0.001157,0.999987,0.004976,-0.000780,1,-0.615975,0.765211,-1.908322,1,0.000004,-0.000003,1.000000,0.000004,-1.000000,-0.000003,1.000000,0.000004,-0.000004,1,0.073722,-0.838308,-1.702249,1,0.000004,0.000021,1.000000,0.000004,-1.000000,0.000021,1.000000,0.000004,-0.000004,1,0.389318,-0.838298,-1.702249,1,-0.000070,1.000000,0.000041,-0.000020,-0.000041,1.000000,1.000000,0.000070,0.000020,1,0.840850,0.598560,-1.546474,1,-0.010442,0.999925,0.006431,-0.003749,-0.006470,0.999972,0.999938,0.010417,0.003816,1,0.863737,1.081536,-1.533575,1,-0.000070,1.000000,0.000041,-0.000020,-0.000041,1.000000,1.000000,0.000070,0.000020,1,0.898589,0.439763,-1.401316,1,-0.010442,0.999925,0.006431,-0.003749,-0.006470,0.999972,0.999938,0.010417,0.003816,1,0.918951,0.921831,-1.388432,1,0.754637,0.933916,-1.911374,1,0.838313,0.704876,-1.702249,1,0.837702,1.545272,-1.548296,1,0.895456,1.386480,-1.403139,1
10,0.641101,0.256911,-0.723178,0.708924,0.162696,0.686263,0.293967,-0.952642,-0.077826,1,-1.089902,-1.253410,-1.304751,1,0.641101,0.256911,-0.723178,0.708924,0.162696,0.686263,0.293967,-0.952642,-0.077826,1,-1.089902,-1.022167,-1.304751,1,0.651637,0.259274,-0.712844,0.700883,0.153551,0.696552,0.290056,-0.953519,-0.081662,1,-1.105111,-0.775462,-1.299105,1,-0.000009,0.000002,-1.000000,-0.000014,1.000000,0.000002,1.000000,0.000014,-0.000009,1,-0.303406,0.754929,-1.911700,1,-0.000573,0.000840,-0.999999,-0.003628,0.999993,0.000842,0.999993,0.003629,-0.000570,1,-0.617269,0.762353,-1.909305,1,0.000004,-0.000003,1.000000,0.000004,-1.000000,-0.000003,1.000000,0.000004,-0.000004,1,0.073869,-0.838125,-1.702870,1,0.000004,0.000021,1.000000,0.000004,-1.000000,0.000021,1.000000,0.000004,-0.000004,1,0.389465,-0.838116,-1.702870,1,-0.000037,1.000000,0.000021,-0.000009,-0.000021,1.000000,1.000000,0.000037,0.000009,1,0.840956,0.598338,-1.545972,1,-0.007611,0.999960,0.004692,-0.002738,-0.004713,0.999985,0.999967,0.007598,0.002774,1,0.857680,1.081242,-1.536574,1,-0.000037,1.000000,0.000021,-0.000009,-0.000021,1.000000,1.000000,0.000037,0.000009,1,0.898644,0.439187,-1.401182,1,-0.007611,0.999960,0.004692,-0.002738,-0.004713,0.999985,0.999967,0.007598,0.002774,1,0.913526,0.921427,-1.391794,1,0.754643,0.934568,-1.911525,1,0.838130,0.705023,-1.702870,1,0.838694,1.545057,-1.547286,1,0.896390,1.385909,-1.402496,1
11,0.642646,0.257362,-0.721644,0.707457,0.162256,0.687879,0.294125,-0.952595,-0.077799,1,-1.092590,-1.250800,-1.304998,1,0.642646,0.257362,-0.721644,0.707457,0.162256,0.687879,0.294125,-0.952595,-0.077799,1,-1.092590,-1.019561,-1.304998,1,0.650004,0.259013,-0.714428,0.702376,0.154133,0.694918,0.290109,-0.953496,-0.081738,1,-1.103211,-0.778003,-1.299201,1,-0.000006,-0.000000,-1.000000,-0.000008,1.000000,-0.000000,1.000000,0.000008,-0.000006,1,-0.303408,0.754922,-1.911687,1,-0.000377,0.000551,-1.000000,-0.002382,0.999997,0.000552,0.999997,0.002382,-0.000376,1,-0.617858,0.759800,-1.910118,1,0.000004,-0.000003,1.000000,0.000004,-1.000000,-0.000003,1.000000,0.000004,-0.000004,1,0.073883,-0.838127,-1.702860,1,0.000004,0.000021,1.000000,0.000004,-1.000000,0.000021,1.000000,0.000004,-0.000004,1,0.389478,-0.838118,-1.702860,1,-0.000017,1.000000,0.000009,-0.000001,-0.000009,1.000000,1.000000,0.000017,0.000001,1,0.840914,0.598330,-1.546008,1,-0.004993,0.999983,0.003081,-0.001799,-0.003090,0.999994,0.999986,0.004988,0.001815,1,0.851913,1.081158,-1.539847,1,-0.000017,1.000000,0.000009,-0.000001,-0.000009,1.000000,1.000000,0.000017,0.000001,1,0.898607,0.439185,-1.401214,1,-0.004993,0.999983,0.003081,-0.001799,-0.003090,0.999994,0.999986,0.004988,0.001815,1,0.908396,0.921575,-1.395057,1,0.754740,0.934563,-1.911571,1,0.838132,0.705037,-1.702860,1,0.839450,1.545055,-1.546862,1,0.897146,1.385910,-1.402068,1
12,0.641075,0.256905,-0.723203,0.708952,0.162692,0.686235,0.293957,-0.952644,-0.077836,1,-1.089864,-1.253469,-1.304737,1,0.641075,0.256905,-0.723203,0.708952,0.162692,0.686235,0.293957,-0.952644,-0.077836,1,-1.089864,-1.022207,-1.304737,1,0.651637,0.259274,-0.712844,0.700883,0.153551,0.696552,0.290056,-0.953519,-0.081662,1,-1.105111,-0.775461,-1.299105,1,-0.000005,-0.000001,-1.000000,-0.000006,1.000000,-0.000001,1.000000,0.000006,-0.000005,1,-0.302770,0.755017,-1.911585,1,-0.000276,0.000402,-1.000000,-0.001737,0.999998,0.000403,0.999998,0.001737,-0.000275,1,-0.617523,0.758575,-1.910442,1,0.000004,-0.000003,1.000000,0.000004,-1.000000,-0.000003,1.000000,0.000004,-0.000004,1,0.073761,-0.838307,-1.702241,1,0.000004,0.000021,1.000000,0.000004,-1.000000,0.000021,1.000000,0.000004,-0.000004,1,0.389357,-0.838298,-1.702241,1,-0.000011,1.000000,0.000004,0.000001,-0.000004,1.000000,1.000000,0.000011,-0.000001,1,0.840733,0.598535,-1.546559,1,-0.003641,0.999991,0.002247,-0.001312,-0.002252,0.999997,0.999993,0.003638,0.001321,1,0.848763,1.081319,-1.542069,1,-0.000011,1.000000,0.000004,0.000001,-0.000004,1.000000,1.000000,0.000011,-0.000001,1,0.898485,0.439743,-1.401401,1,-0.003641,0.999991,0.002247,-0.001312,-0.002252,0.999997,0.999993,0.003638,0.001321,1,0.905632,0.922207,-1.396913,1,0.754887,0.933923,-1.911500,1,0.838312,0.704915,-1.702241,1,0.839672,1.545261,-1.547178,1,0.897420,1.385900,-1.401912,1
13,0.642618,0.257355,-0.721672,0.707487,0.162256,0.687848,0.294117,-0.952597,-0.077807,1,-1.092549,-1.250859,-1.304986,1,0.642618,0.257355,-0.721672,0.707487,0.162256,0.687848,0.294117,-0.952597,-0.077807,1,-1.092549,-1.019600,-1.304986,1,0.650004,0.259013,-0.714428,0.702376,0.154133,0.694918,0.290110,-0.953496,-0.081737,1,-1.103211,-0.778003,-1.299201,1,-0.000004,-0.000001,-1.000000,-0.000005,1.000000,-0.000001,1.000000,0.000005,-0.000004,1,-0.303415,0.754922,-1.911666,1,-0.000202,0.000295,-1.000000,-0.001268,0.999999,0.000296,0.999999,0.001268,-0.000201,1,-0.618390,0.757519,-1.910834,1,0.000004,-0.000003,1.000000,0.000004,-1.000000,-0.000003,1.000000,0.000004,-0.000004,1,0.073906,-0.838126,-1.702855,1,0.000004,0.000021,1.000000,0.000004,-1.000000,0.000021,1.000000,0.000004,-0.000004,1,0.389502,-0.838117,-1.702855,1,-0.000008,1.000000,0.000003,0.000002,-0.000003,1.000000,1.000000,0.000008,-0.000002,1,0.840727,0.598530,-1.546566,1,-0.002949,0.999994,0.001820,-0.001063,-0.001823,0.999998,0.999995,0.002947,0.001068,1,0.847235,1.081290,-1.542930,1,-0.000008,1.000000,0.000003,0.000002,-0.000003,1.000000,1.000000,0.000008,-0.000002,1,0.898480,0.439738,-1.401408,1,-0.002949,0.999994,0.001820,-0.001063,-0.001823,0.999998,0.999995,0.002947,0.001068,1,0.904273,0.922239,-1.397774,1,0.754827,0.934567,-1.911604,1,0.838312,0.704923,-1.702239,1,0.839870,1.545257,-1.547066,1,0.897625,1.386465,-1.401909,1
14,0.641028,0.256893,-0.723249,0.708999,0.162695,0.686186,0.293946,-0.952647,-0.077845,1,-1.089791,-1.253561,-1.304721,1,0.641028,0.256893,-0.723249,0.708999,0.162695,0.686186,0.293946,-0.952647,-0.077845,1,-1.089791,-1.022279,-1.304720,1,0.651655,0.259277,-0.712826,0.700866,0.153544,0.696571,0.290055,-0.953519,-0.081661,1,-1.105133,-0.775433,-1.299104,1,-0.000004,-0.000001,-1.000000,-0.000004,1.000000,-0.000001,1.000000,0.000004,-0.000004,1,-0.302768,0.755022,-1.911562,1,-0.000148,0.000219,-1.000000,-0.000925,1.000000,0.000219,1.000000,0.000925,-0.000148,1,-0.617903,0.756917,-1.910955,1,0.000004,-0.000003,1.000000,0.000004,-1.000000,-0.000003,1.000000,0.000004,-0.000004,1,0.073912,-0.838128,-1.702846,1,0.000004,0.000021,1.000000,0.000004,-1.000000,0.000021,1.000000,0.000004,-0.000004,1,0.389508,-0.838119,-1.702846,1,-0.000006,1.000000,0.000001,0.000003,-0.000001,1.000000,1.000000,0.000006,-0.000003,1,0.840886,0.598314,-1.546045,1,-0.002151,0.999997,0.001327,-0.000774,-0.001329,0.999999,0.999997,0.002150,0.000777,1,0.845633,1.081044,-1.543395,1,-0.000006,1.000000,0.000001,0.000003,-0.000001,1.000000,1.000000,0.000006,-0.000003,1,0.898583,0.439174,-1.401247,1,-0.002151,0.999997,0.001327,-0.000774,-0.001329,0.999999,0.999997,0.002150,0.000777,1,0.902808,0.921714,-1.398598,1,0.754952,0.933920,-1.911517,1,0.838133,0.705066,-1.702846,1,0.840264,1.545041,-1.546409,1,0.897961,1.385901,-1.401611,1
15,0.642589,0.257349,-0.721700,0.707517,0.162254,0.687818,0.294108,-0.952599,-0.077816,1,-1.092507,-1.250920,-1.304973,1,0.642589,0.257349,-0.721700,0.707517,0.162254,0.687818,0.294108,-0.952599,-0.077816,1,-1.092507,-1.019641,-1.304973,1,0.650004,0.259013,-0.714428,0.702376,0.154133,0.694918,0.290109,-0.953496,-0.081737,1,-1.103211,-0.778003,-1.299201,1,-0.000004,-0.000001,-1.000000,-0.000004,1.000000,-0.000001,1.000000,0.000004,-0.000004,1,-0.303421,0.754927,-1.911644,1,-0.000109,0.000163,-1.000000,-0.000675,1.000000,0.000163,1.000000,0.000675,-0.000109,1,-0.618672,0.756312,-1.911202,1,0.000004,-0.000003,1.000000,0.000004,-1.000000,-0.000003,1.000000,0.000004,-0.000004,1,0.073929,-0.838126,-1.702850,1,0.000004,0.000021,1.000000,0.000004,-1.000000,0.000021,1.000000,0.000004,-0.000004,1,0.389525,-0.838117,-1.702850,1,-0.000005,1.000000,0.000001,0.000003,-0.000001,1.000000,1.000000,0.000005,-0.000003,1,0.840884,0.598302,-1.546050,1,-0.001412,0.999999,0.000871,-0.000507,-0.000872,0.999999,0.999999,0.001412,0.000508,1,0.844000,1.081004,-1.544312,1,-0.000005,1.000000,0.000001,0.000003,-0.000001,1.000000,1.000000,0.000005,-0.000003,1,0.898580,0.439158,-1.401256,1,-0.001412,0.999999,0.000871,-0.000507,-0.000872,0.999999,0.999999,0.001412,0.000508,1,0.901353,0.921735,-1.399518,1,0.754876,0.934572,-1.911611,1,0.838131,0.705083,-1.702850,1,0.840477,1.545030,-1.546288,1,0.898173,1.385885,-1.401494,1
16,0.641006,0.256889,-0.723270,0.709024,0.162686,0.686162,0.293933,-0.952650,-0.077858,1,-1.089760,-1.253617,-1.304702,1,0.641006,0.256889,-0.723270,0.709024,0.162686,0.686162,0.293933,-0.952650,-0.077858,1,-1.089760,-1.022315,-1.304702,1,0.651655,0.259277,-0.712826,0.700866,0.153544,0.696571,0.290055,-0.953519,-0.081661,1,-1.105133,-0.775432,-1.299104,1,-0.000004,-0.000001,-1.000000,-0.000004,1.000000,-0.000001,1.000000,0.000004,-0.000004,1,-0.303422,0.754929,-1.911636,1,-0.000089,0.000136,-1.000000,-0.000548,1.000000,0.000136,1.000000,0.000548,-0.000089,1,-0.618733,0.756053,-1.911278,1,0.000004,-0.000003,1.000000,0.000004,-1.000000,-0.000003,1.000000,0.000004,-0.000004,1,0.073937,-0.838126,-1.702848,1,0.000004,0.000021,1.000000,0.000004,-1.000000,0.000021,1.000000,0.000004,-0.000004,1,0.389533,-0.838117,-1.702848,1,-0.000004,1.000000,0.000000,0.000003,-0.000000,1.000000,1.000000,0.000004,-0.000003,1,0.840882,0.598297,-1.546055,1,-0.001145,0.999999,0.000706,-0.000410,-0.000706,1.000000,0.999999,0.001144,0.000411,1,0.843406,1.080989,-1.544647,1,-0.000004,1.000000,0.000000,0.000003,-0.000000,1.000000,1.000000,0.000004,-0.000003,1,0.898578,0.439153,-1.401261,1,-0.001145,0.999999,0.000706,-0.000410,-0.000706,1.000000,0.999999,0.001144,0.000411,1,0.900825,0.921744,-1.399854,1,0.754887,0.934573,-1.911610,1,0.838131,0.705091,-1.702848,1,0.840553,1.545025,-1.546248,1,0.898249,1.385880,-1.401454,1
17,0.642566,0.257343,-0.721722,0.707543,0.162246,0.687793,0.294095,-0.952602,-0.077828,1,-1.092474,-1.250978,-1.304955,1,0.642566,0.257343,-0.721722,0.707543,0.162246,0.687793,0.294095,-0.952602,-0.077828,1,-1.092475,-1.019679,-1.304955,1,0.650004,0.259012,-0.714428,0.702375,0.154133,0.694919,0.290109,-0.953497,-0.081737,1,-1.103211,-0.778003,-1.299201,1,-0.000004,-0.000001,-1.000000,-0.000004,1.000000,-0.000001,1.000000,0.000004,-0.000004,1,-0.303426,0.754933,-1.911621,1,-0.000060,0.000095,-1.000000,-0.000361,1.000000,0.000095,1.000000,0.000361,-0.000060,1,-0.618823,0.755675,-1.911386,1,0.000004,-0.000003,1.000000,0.000004,-1.000000,-0.000003,1.000000,0.000004,-0.000004,1,0.073953,-0.838126,-1.702843,1,0.000004,0.000021,1.000000,0.000004,-1.000000,0.000021,1.000000,0.000004,-0.000004,1,0.389549,-0.838117,-1.702843,1,-0.000004,1.000000,0.000000,0.000004,-0.000000,1.000000,1.000000,0.000004,-0.000004,1,0.840879,0.598288,-1.546065,1,-0.000752,1.000000,0.000463,-0.000268,-0.000463,1.000000,1.000000,0.000752,0.000268,1,0.842536,1.080963,-1.545142,1,-0.000004,1.000000,0.000000,0.000004,-0.000000,1.000000,1.000000,0.000004,-0.000004,1,0.898575,0.439143,-1.401271,1,-0.000752,1.000000,0.000463,-0.000268,-0.000463,1.000000,1.000000,0.000752,0.000268,1,0.900050,0.921753,-1.400348,1,0.754904,0.934577,-1.911604,1,0.838131,0.705107,-1.702843,1,0.840663,1.545015,-1.546192,1,0.898360,1.385871,-1.401398,1
18,0.640989,0.256885,-0.723286,0.709045,0.162671,0.686144,0.293918,-0.952653,-0.077873,1,-1.089736,-1.253672,-1.304680,1,0.640989,0.256885,-0.723286,0.709045,0.162671,0.686144,0.293918,-0.952653,-0.077873,1,-1.089736,-1.022348,-1.304680,1,0.651655,0.259277,-0.712826,0.700866,0.153544,0.696571,0.290055,-0.953519,-0.081660,1,-1.105133,-0.775432,-1.299104,1,-0.000004,-0.000001,-1.000000,-0.000004,1.000000,-0.000001,1.000000,0.000004,-0.000004,1,-0.302779,0.755034,-1.911516,1,-0.000044,0.000074,-1.000000,-0.000264,1.000000,0.000074,1.000000,0.000264,-0.000044,1,-0.618220,0.755578,-1.911345,1,0.000004,-0.000003,1.000000,0.000004,-1.000000,-0.000003,1.000000,0.000004,-0.000004,1,0.073830,-0.838308,-1.702217,1,0.000004,0.000021,1.000000,0.000004,-1.000000,0.000021,1.000000,0.000004,-0.000004,1,0.389426,-0.838299,-1.702217,1,-0.000004,1.000000,0.000000,0.000004,-0.000000,1.000000,1.000000,0.000004,-0.000004,1,0.840708,0.598494,-1.546615,1,-0.000549,1.000000,0.000338,-0.000194,-0.000338,1.000000,1.000000,0.000549,0.000195,1,0.841916,1.081162,-1.545942,1,-0.000004,1.000000,0.000000,0.000004,-0.000000,1.000000,1.000000,0.000004,-0.000004,1,0.898463,0.439707,-1.401453,1,-0.000549,1.000000,0.000338,-0.000194,-0.000338,1.000000,1.000000,0.000549,0.000195,1,0.899539,0.922326,-1.400780,1,0.755011,0.933930,-1.911504,1,0.838313,0.704984,-1.702217,1,0.840551,1.545222,-1.546707,1,0.898306,1.386434,-1.401546,1
19,0.642543,0.257338,-0.721745,0.707569,0.162236,0.687768,0.294082,-0.952605,-0.077841,1,-1.092441,-1.251039,-1.304935,1,0.642543,0.257338,-0.721745,0.707569,0.162236,0.687768,0.294082,-0.952605,-0.077841,1,-1.092441,-1.019718,-1.304935,1,0.650004,0.259012,-0.714428,0.702375,0.154133,0.694919,0.290109,-0.953497,-0.081737,1,-1.103211,-0.778003,-1.299201,1,-0.000004,-0.000001,-1.000000,-0.000004,1.000000,-0.000001,1.000000,0.000004,-0.000004,1,-0.303431,0.754940,-1.911598,1,-0.000033,0.000059,-1.000000,-0.000193,1.000000,0.000059,1.000000,0.000193,-0.000033,1,-0.618905,0.755340,-1.911473,1,0.000004,-0.000003,1.000000,0.000004,-1.000000,-0.000003,1.000000,0.000004,-0.000004,1,0.073977,-0.838126,-1.702837,1,0.000004,0.000021,1.000000,0.000004,-1.000000,0.000021,1.000000,0.000004,-0.000004,1,0.389573,-0.838117,-1.702837,1,-0.000004,1.000000,0.000000,0.000004,-0.000000,1.000000,1.000000,0.000004,-0.000004,1,0.840875,0.598273,-1.546080,1,-0.000401,1.000000,0.000246,-0.000141,-0.000246,1.000000,1.000000,0.000401,0.000141,1,0.841756,1.080935,-1.545590,1,-0.000004,1.000000,0.000000,0.000004,-0.000000,1.000000,1.000000,0.000004,-0.000004,1,0.898572,0.439129,-1.401286,1,-0.000401,1.000000,0.000246,-0.000141,-0.000246,1.000000,1.000000,0.000401,0.000141,1,0.899356,0.921755,-1.400796,1,0.754922,0.934582,-1.911589,1,0.838131,0.705131,-1.702837,1,0.840761,1.545001,-1.546147,1,0.898335,1.386429,-1.401533,1
20,0.640963,0.256879,-0.723312,0.709074,0.162665,0.686115,0.293906,-0.952656,-0.077884,1,-1.089698,-1.253734,-1.304663,1,0.640963,0.256879,-0.723312,0.709074,0.162665,0.686115,0.293906,-0.952656,-0.077884,1,-1.089698,-1.022389,-1.304663,1,0.651656,0.259277,-0.712826,0.700866,0.153545,0.696571,0.290056,-0.953519,-0.081660,1,-1.105133,-0.775432,-1.299104,1,-0.000004,-0.000001,-1.000000,-0.000004,1.000000,-0.000001,1.000000,0.000004,-0.000004,1,-0.302785,0.755040,-1.911493,1,-0.000025,0.000048,-1.000000,-0.000142,1.000000,0.000048,1.000000,0.000142,-0.000025,1,-0.618282,0.755335,-1.911402,1,0.000004,-0.000003,1.000000,0.000004,-1.000000,-0.000003,1.000000,0.000004,-0.000004,1,0.073854,-0.838308,-1.702210,1,0.000004,0.000021,1.000000,0.000004,-1.000000,0.000021,1.000000,0.000004,-0.000004,1,0.389450,-0.838299,-1.702210,1,-0.000004,1.000000,0.000000,0.000004,-0.000000,1.000000,1.000000,0.000004,-0.000004,1,0.840704,0.598480,-1.546630,1,-0.000294,1.000000,0.000179,-0.000102,-0.000179,1.000000,1.000000,0.000294,0.000102,1,0.841347,1.081137,-1.546272,1,-0.000004,1.000000,0.000000,0.000004,-0.000000,1.000000,1.000000,0.000004,-0.000004,1,0.898460,0.439692,-1.401468,1,-0.000294,1.000000,0.000179,-0.000102,-0.000179,1.000000,1.000000,0.000294,0.000102,1,0.899031,0.922324,-1.401111,1,0.755026,0.933936,-1.911486,1,0.838313,0.705008,-1.702210,1,0.840621,1.545207,-1.546679,1,0.898376,1.386420,-1.401517,1
21,0.642520,0.257333,-0.721767,0.707595,0.162227,0.687744,0.294070,-0.952608,-0.077853,1,-1.092409,-1.251096,-1.304918,1,0.642520,0.257333,-0.721767,0.707595,0.162227,0.687744,0.294070,-0.952608,-0.077853,1,-1.092409,-1.019754,-1.304917,1,0.650004,0.259012,-0.714428,0.702375,0.154133,0.694919,0.290109,-0.953497,-0.081737,1,-1.103212,-0.778003,-1.299200,1,-0.000004,-0.000001,-1.000000,-0.000004,1.000000,-0.000001,1.000000,0.000004,-0.000004,1,-0.303437,0.754946,-1.911575,1,-0.000019,0.000041,-1.000000,-0.000104,1.000000,0.000041,1.000000,0.000104,-0.000019,1,-0.618952,0.755165,-1.911508,1,0.000004,-0.000003,1.000000,0.000004,-1.000000,-0.000003,1.000000,0.000004,-0.000004,1,0.074001,-0.838126,-1.702830,1,0.000004,0.000021,1.000000,0.000004,-1.000000,0.000021,1.000000,0.000004,-0.000004,1,0.389597,-0.838117,-1.702830,1,-0.000004,1.000000,0.000000,0.000004,-0.000000,1.000000,1.000000,0.000004,-0.000004,1,0.840872,0.598258,-1.546095,1,-0.000215,1.000000,0.000131,-0.000073,-0.000131,1.000000,1.000000,0.000215,0.000073,1,0.841340,1.080912,-1.545835,1,-0.000004,1.000000,0.000000,0.000004,-0.000000,1.000000,1.000000,0.000004,-0.000004,1,0.898568,0.439114,-1.401301,1,-0.000215,1.000000,0.000131,-0.000073,-0.000131,1.000000,1.000000,0.000215,0.000073,1,0.898985,0.921749,-1.401041,1,0.754934,0.934588,-1.911570,1,0.838131,0.705155,-1.702830,1,0.840811,1.544986,-1.546131,1,0.898507,1.385841,-1.401337,1
22,0.640946,0.256876,-0.723328,0.709095,0.162651,0.686097,0.293891,-0.952659,-0.077899,1,-1.089674,-1.253787,-1.304642,1,0.640946,0.256876,-0.723328,0.709095,0.162651,0.686097,0.293891,-0.952659,-0.077899,1,-1.089674,-1.022421,-1.304641,1,0.651656,0.259277,-0.712825,0.700866,0.153545,0.696571,0.290056,-0.953519,-0.081660,1,-1.105133,-0.775432,-1.299104,1,-0.000004,-0.000001,-1.000000,-0.000004,1.000000,-0.000001,1.000000,0.000004,-0.000004,1,-0.302791,0.755047,-1.911470,1,-0.000015,0.000035,-1.000000,-0.000077,1.000000,0.000035,1.000000,0.000077,-0.000015,1,-0.618318,0.755209,-1.911421,1,0.000004,-0.000003,1.000000,0.000004,-1.000000,-0.000003,1.000000,0.000004,-0.000004,1,0.073878,-0.838308,-1.702203,1,0.000004,0.000021,1.000000,0.000004,-1.000000,0.000021,1.000000,0.000004,-0.000004,1,0.389474,-0.838299,-1.702203,1,-0.000004,1.000000,0.000000,0.000004,-0.000000,1.000000,1.000000,0.000004,-0.000004,1,0.840871,0.598253,-1.546100,1,-0.000175,1.000000,0.000106,-0.000058,-0.000106,1.000000,1.000000,0.000175,0.000059,1,0.841250,1.080906,-1.545889,1,-0.000004,1.000000,0.000000,0.000004,-0.000000,1.000000,1.000000,0.000004,-0.000004,1,0.898567,0.439109,-1.401307,1,-0.000175,1.000000,0.000106,-0.000058,-0.000106,1.000000,1.000000,0.000175,0.000059,1,0.898905,0.921746,-1.401095,1,0.755037,0.933942,-1.911466,1,0.838131,0.705163,-1.702828,1,0.840822,1.544981,-1.546129,1,0.898518,1.385837,-1.401335,1
23,0.642491,0.257327,-0.721795,0.707626,0.162224,0.687713,0.294059,-0.952610,-0.077863,1,-1.092367,-1.251160,-1.304903,1,0.642491,0.257327,-0.721795,0.707626,0.162224,0.687713,0.294059,-0.952610,-0.077863,1,-1.092367,-1.019796,-1.304903,1,0.650004,0.259012,-0.714428,0.702375,0.154133,0.694919,0.290109,-0.953497,-0.081737,1,-1.103212,-0.778002,-1.299200,1,-0.000004,-0.000001,-1.000000,-0.000004,1.000000,-0.000001,1.000000,0.000004,-0.000004,1,-0.303443,0.754953,-1.911551,1,-0.000012,0.000030,-1.000000,-0.000057,1.000000,0.000030,1.000000,0.000057,-0.000012,1,-0.618980,0.755075,-1.911516,1,0.000004,-0.000003,1.000000,0.000004,-1.000000,-0.000003,1.000000,0.000004,-0.000004,1,0.074025,-0.838126,-1.702823,1,0.000004,0.000021,1.000000,0.000004,-1.000000,0.000021,1.000000,0.000004,-0.000004,1,0.389621,-0.838117,-1.702823,1,-0.000004,1.000000,0.000000,0.000004,-0.000000,1.000000,1.000000,0.000004,-0.000004,1,0.840869,0.598243,-1.546111,1,-0.000116,1.000000,0.000070,-0.000037,-0.000070,1.000000,1.000000,0.000116,0.000037,1,0.841117,1.080893,-1.545972,1,-0.000004,1.000000,0.000000,0.000004,-0.000000,1.000000,1.000000,0.000004,-0.000004,1,0.898565,0.439099,-1.401317,1,-0.000116,1.000000,0.000070,-0.000037,-0.000070,1.000000,1.000000,0.000116,0.000037,1,0.898786,0.921739,-1.401178,1,0.754944,0.934594,-1.911549,1,0.838131,0.705179,-1.702823,1,0.840836,1.544971,-1.546130,1,0.898533,1.385827,-1.401336,1
24,0.640978,0.256899,-0.723291,0.709624,0.160809,0.685984,0.292540,-0.952966,-0.079226,1,-1.089705,-1.256227,-1.302696,1,0.640978,0.256899,-0.723291,0.709624,0.160809,0.685984,0.292540,-0.952966,-0.079226,1,-1.089705,-1.025385,-1.302696,1,0.651637,0.259274,-0.712843,0.700883,0.153551,0.696553,0.290056,-0.953519,-0.081661,1,-1.105112,-0.775460,-1.299105,1,-0.000004,-0.000001,-1.000000,-0.000004,1.000000,-0.000001,1.000000,0.000004,-0.000004,1,-0.302411,0.754975,-1.911812,1,-0.000010,0.000027,-1.000000,-0.000043,1.000000,0.000027,1.000000,0.000043,-0.000010,1,-0.617954,0.755067,-1.911786,1,0.276982,0.275889,0.920416,-0.440399,-0.814908,0.376794,0.854008,-0.509715,-0.104214,1,-0.172640,0.094472,-1.888948,1,0.205094,0.205969,0.956824,-0.496502,-0.820585,0.283066,0.843459,-0.533120,-0.066033,1,0.103689,0.156523,-1.882359,1,-0.000004,1.000000,0.000000,0.000004,-0.000000,1.000000,1.000000,0.000004,-0.000004,1,0.840783,0.598824,-1.546275,1,-0.000086,1.000000,0.000051,-0.000026,-0.000051,1.000000,1.000000,0.000086,0.000026,1,0.840964,1.081473,-1.546174,1,-0.000004,1.000000,0.000000,0.000004,-0.000000,1.000000,1.000000,0.000004,-0.000004,1,0.898537,0.440033,-1.401117,1,-0.000086,1.000000,0.000051,-0.000026,-0.000051,1.000000,1.000000,0.000086,0.000026,1,0.898699,0.922674,-1.401016,1,0.754967,0.933561,-1.911810,1,0.947224,0.503700,-1.593576,1,0.840759,1.545552,-1.546289,1,0.898514,1.386760,-1.401131,1
25,0.855010,0.268867,-0.443474,0.452114,0.032494,0.891368,0.254070,-0.962629,-0.093776,1,-1.361505,-0.885355,-1.190277,1,0.855010,0.268867,-0.443474,0.452114,0.032494,0.891368,0.254070,-0.962629,-0.093776,1,-1.361506,-0.657988,-1.190277,1,0.846160,0.268163,-0.460546,0.467677,0.040704,0.882962,0.255524,-0.962513,-0.090971,1,-1.348629,-0.443200,-1.192391,1,-0.000004,-0.000001,-1.000000,-0.000004,1.000000,-0.000001,1.000000,0.000004,-0.000004,1,-0.201308,0.716193,-1.897042,1,-0.000008,0.000025,-1.000000,-0.000032,1.000000,0.000025,1.000000,0.000032,-0.000008,1,-0.516857,0.716260,-1.897024,1,0.421664,0.103953,0.900774,-0.811490,-0.399980,0.426028,0.404579,-0.910609,-0.084301,1,-0.553617,1.027380,-1.393567,1,0.304578,0.085448,0.948647,-0.914996,-0.250433,0.316331,0.264603,-0.964356,0.001909,1,-0.061767,1.269662,-1.199310,1,-0.000004,1.000000,0.000000,0.000004,-0.000000,1.000000,1.000000,0.000004,-0.000004,1,0.749087,0.596660,-1.632377,1,-0.000063,1.000000,0.000037,-0.000018,-0.000037,1.000000,1.000000,0.000063,0.000018,1,0.749224,1.079313,-1.632309,1,-0.000004,1.000000,0.000000,0.000004,-0.000000,1.000000,1.000000,0.000004,-0.000004,1,0.812244,0.484395,-1.429838,1,-0.000070,1.000000,0.000041,-0.000020,-0.000041,1.000000,1.000000,0.000070,0.000020,1,0.812378,0.967042,-1.429761,1,0.716185,0.832459,-1.897041,1,0.860289,0.640115,-1.401771,1,0.788702,1.541265,-1.606594,1,0.812225,1.431123,-1.429849,1
26,0.771509,0.528690,-0.353922,0.405665,0.019751,0.913808,0.490111,-0.848585,-0.199233,1,-1.020940,-0.823032,-1.515376,1,0.771509,0.528690,-0.353922,0.405665,0.019751,0.913808,0.490111,-0.848585,-0.199233,1,-1.020941,-0.592494,-1.515376,1,0.773289,0.528772,-0.349892,0.402082,0.017733,0.915432,0.490259,-0.848579,-0.198897,1,-1.023541,-0.349967,-1.515592,1,-0.000004,-0.000001,-1.000000,-0.000004,1.000000,-0.000001,1.000000,0.000004,-0.000004,1,-0.177395,0.650471,-1.893561,1,-0.000007,0.000023,-1.000000,-0.000024,1.000000,0.000023,1.000000,0.000024,-0.000007,1,-0.492949,0.650522,-1.893549,1,0.282216,0.046228,0.958237,-0.741871,-0.622781,0.248537,0.608261,-0.781029,-0.141464,1,-0.363751,0.729258,-1.650953,1,0.243836,0.026623,0.969451,-0.912760,-0.331512,0.238681,0.327739,-0.943075,-0.056535,1,-0.000547,1.234650,-1.317355,1,-0.000004,1.000000,0.000000,0.000004,-0.000000,1.000000,1.000000,0.000004,-0.000004,1,0.684850,0.594989,-1.664639,1,-0.000047,1.000000,0.000027,-0.000012,-0.000027,1.000000,1.000000,0.000047,0.000012,1,0.684951,1.077643,-1.664592,1,-0.000004,1.000000,0.000000,0.000004,-0.000000,1.000000,1.000000,0.000004,-0.000004,1,0.800929,0.518179,-1.494880,1,-0.000047,1.000000,0.000027,-0.000012,-0.000027,1.000000,1.000000,0.000047,0.000012,1,0.801021,1.000826,-1.494830,1,0.650464,0.808546,-1.893560,1,0.841455,0.674564,-1.481872,1,0.684837,1.541717,-1.664646,1,0.800916,1.464906,-1.494888,1
27,0.814931,0.517776,-0.260376,0.323141,-0.032987,0.945776,0.481111,-0.854880,-0.194196,1,-1.120468,-0.707367,-1.549311,1,0.814931,0.517776,-0.260376,0.323141,-0.032987,0.945776,0.481111,-0.854880,-0.194196,1,-1.120468,-0.476745,-1.549311,1,0.816855,0.517561,-0.254713,0.319680,-0.038615,0.946738,0.480159,-0.854774,-0.196997,1,-1.123316,-0.237154,-1.547903,1,-0.000004,-0.000001,-1.000000,-0.000004,1.000000,-0.000001,1.000000,0.000004,-0.000004,1,-0.182174,0.677844,-1.942304,1,-0.000006,0.000022,-1.000000,-0.000019,1.000000,0.000022,1.000000,0.000019,-0.000006,1,-0.497730,0.677885,-1.942295,1,0.140727,0.056365,0.988443,-0.430410,-0.895614,0.112350,0.891596,-0.441246,-0.101777,1,-0.089251,-0.018676,-1.882325,1,0.198581,0.045750,0.979016,-0.819065,-0.540828,0.191410,0.538236,-0.839888,-0.069926,1,0.108122,0.934603,-1.615449,1,-0.000004,1.000000,0.000000,0.000004,-0.000000,1.000000,1.000000,0.000004,-0.000004,1,0.674567,0.606077,-1.725251,1,-0.000039,1.000000,0.000022,-0.000009,-0.000022,1.000000,1.000000,0.000039,0.000009,1,0.674652,1.088730,-1.725213,1,-0.000004,1.000000,0.000000,0.000004,-0.000000,1.000000,1.000000,0.000004,-0.000004,1,0.793990,0.547324,-1.548214,1,-0.000039,1.000000,0.000022,-0.000009,-0.000022,1.000000,1.000000,0.000039,0.000009,1,0.794067,1.029972,-1.548173,1,0.677838,0.813325,-1.942303,1,0.870727,0.706655,-1.550855,1,0.674557,1.552804,-1.725257,1,0.793980,1.494052,-1.548220,1
