0,0.718756,0.676348,-0.161067,0.103647,0.124841,0.986748,0.687493,-0.725925,0.019629,1,-1.347181,-0.443866,-1.690387,1,0.718756,0.676348,-0.161067,0.103647,0.124841,0.986748,0.687493,-0.725925,0.019629,1,-1.347180,-0.211340,-1.690387,1,0.720624,0.678632,-0.141984,0.089830,0.111672,0.989677,0.687482,-0.725939,0.019512,1,-1.351012,0.055828,-1.690364,1,0.202499,-0.043306,-0.978325,0.219398,0.975633,0.002226,0.954389,-0.215093,0.207065,1,-0.466098,-0.324305,-2.205632,1,-0.578633,0.131958,-0.804842,0.219398,0.975633,0.002226,0.785524,-0.175293,-0.593485,1,1.141480,-0.324305,-2.035527,1,0.119153,0.353612,0.927772,-0.991168,0.097144,0.090269,-0.058207,-0.930334,0.362064,1,-0.145166,2.050734,-0.271959,1,0.021193,-0.555926,0.830961,-0.991168,0.097144,0.090269,-0.130906,-0.825536,-0.548958,1,-0.137674,2.050734,-0.276491,1,-0.540109,-0.819023,-0.193607,-0.048453,-0.199405,0.978719,-0.840199,0.537996,0.068016,1,0.872265,0.511409,2.015375,1,-0.550006,-0.835161,0.000002,0.000004,0.000000,1.000000,-0.835161,0.550006,0.000003,1,1.073599,0.941092,1.942281,1,-0.766998,-0.637353,-0.074134,0.038228,-0.160721,0.986259,-0.640510,0.753625,0.147637,1,1.256573,0.286204,1.679733,1,-0.769368,-0.638806,0.000052,0.000079,-0.000013,1.000000,-0.638806,0.769368,0.000060,1,1.328581,0.912958,1.546928,1,0.149721,0.540672,-2.149393,1,0.328608,0.484676,-1.992660,1,0.171647,1.405174,-2.212602,1,0.341440,1.377195,-2.010250,1
1,0.719530,0.674364,-0.165863,0.119355,0.115198,0.986146,0.684128,-0.729358,0.002400,1,-1.347526,-0.479178,-1.684459,1,0.719530,0.674364,-0.165863,0.119355,0.115198,0.986146,0.684128,-0.729358,0.002400,1,-1.347525,-0.247362,-1.684459,1,0.721418,0.676243,-0.149170,0.104052,0.107109,0.988788,0.684638,-0.728850,0.006906,1,-1.351449,0.024434,-1.685519,1,0.267044,-0.040233,-0.962844,0.182979,0.983069,0.009671,0.946153,-0.178763,0.269885,1,-0.613418,-0.238002,-2.179892,1,-0.626552,0.124190,-0.769422,0.182979,0.983069,0.009671,0.757596,-0.134729,-0.638668,1,1.272114,-0.238002,-1.993532,1,0.118155,0.335701,0.934529,-0.990999,0.099515,0.089546,-0.062939,-0.936697,0.344438,1,-0.150908,2.050471,-0.265748,1,0.016152,-0.575125,0.817906,-0.990999,0.099515,0.089546,-0.132894,-0.811990,-0.568341,1,-0.133945,2.050471,-0.272143,1,-0.544739,-0.810888,-0.213822,-0.079898,-0.203629,0.975783,-0.834791,0.548631,0.046136,1,0.870958,0.577735,1.989736,1,-0.557287,-0.830320,0.000002,0.000004,0.000000,1.000000,-0.830320,0.557287,0.000003,1,1.096574,0.940261,1.937900,1,-0.772040,-0.626535,-0.106808,0.017407,-0.188830,0.981856,-0.635335,0.756173,0.156690,1,1.251561,0.314002,1.668653,1,-0.769368,-0.638806,0.000052,0.000079,-0.000013,1.000000,-0.638806,0.769368,0.000060,1,1.328581,0.912958,1.546928,1,0.153634,0.533558,-2.154268,1,0.320644,0.486736,-1.992917,1,0.169466,1.404344,-2.220183,1,0.341440,1.377195,-2.010250,1
2,0.723511,0.671130,-0.161608,0.122956,0.105076,0.986834,0.679275,-0.733855,-0.006495,1,-1.360317,-0.491122,-1.673488,1,0.723511,0.671130,-0.161608,0.122956,0.105076,0.986834,0.679275,-0.733855,-0.006495,1,-1.360317,-0.259334,-1.673488,1,0.725285,0.672670,-0.146548,0.109879,0.097034,0.989197,0.679624,-0.733552,-0.003535,1,-1.364073,0.007746,-1.674226,1,0.010673,-0.035788,-0.999302,0.252918,0.966961,-0.031928,0.967429,-0.252400,0.019372,1,-0.029437,-0.402906,-2.242695,1,-0.396855,0.120387,-0.909952,0.271093,0.962510,0.009109,0.876935,-0.243067,-0.414612,1,0.648059,-0.432580,-2.167413,1,0.113343,0.322144,0.939881,-0.991222,0.101467,0.084756,-0.068063,-0.941237,0.330817,1,-0.148514,2.052216,-0.252744,1,0.007128,-0.599130,0.800620,-0.991222,0.101467,0.084756,-0.132016,-0.794196,-0.593147,1,-0.125977,2.052216,-0.264859,1,-0.554882,-0.807496,-0.200140,-0.141046,-0.145778,0.979211,-0.819885,0.571576,-0.033005,1,0.906406,0.728450,1.920877,1,-0.566589,-0.824001,0.000002,0.000004,0.000000,1.000000,-0.824001,0.566589,0.000003,1,1.117960,0.941104,1.960250,1,-0.776804,-0.611771,-0.149368,-0.042963,-0.185152,0.981770,-0.628275,0.769061,0.117544,1,1.252696,0.438813,1.634788,1,-0.785848,-0.618420,0.000006,0.000008,-0.000001,1.000000,-0.618420,0.785848,0.000006,1,1.404900,0.909689,1.513137,1,0.150930,0.588873,-2.151325,1,0.305022,0.482791,-1.997886,1,0.189465,1.405186,-2.248670,1,0.320284,1.373781,-2.039784,1
3,0.726187,0.671296,-0.148369,0.126225,0.081956,0.988610,0.675810,-0.736644,-0.025219,1,-1.371173,-0.507549,-1.669671,1,0.726187,0.671296,-0.148369,0.126225,0.081956,0.988610,0.675810,-0.736644,-0.025219,1,-1.371173,-0.275590,-1.669671,1,0.727938,0.672480,-0.133706,0.110073,0.077860,0.990869,0.676750,-0.736008,-0.017344,1,-1.375007,-0.000663,-1.671730,1,-0.217330,-0.013020,-0.976011,0.250924,0.965562,-0.068754,0.943295,-0.259847,-0.206578,1,0.497698,-0.400881,-2.194006,1,-0.010731,0.138621,-0.990287,0.258223,0.957137,0.131183,0.966026,-0.254308,-0.046066,1,-0.263050,-0.355564,-2.192637,1,0.111153,0.287603,0.951278,-0.992837,0.074338,0.093534,-0.043816,-0.954860,0.293806,1,-0.158902,2.049796,-0.304317,1,0.031336,-0.593438,0.804270,-0.992837,0.074338,0.093534,-0.115294,-0.801440,-0.586858,1,-0.159262,2.049796,-0.295466,1,-0.888182,-0.437191,-0.141410,-0.134225,-0.047470,0.989813,-0.439450,0.898115,-0.016520,1,1.767629,0.743195,1.177356,1,-0.755204,-0.655490,0.000003,0.000004,0.000000,1.000000,-0.655490,0.755204,0.000002,1,1.552232,0.943935,1.647096,1,-0.779968,-0.610248,-0.138735,-0.024956,-0.191181,0.981237,-0.625322,0.768796,0.133886,1,1.274586,0.402266,1.631571,1,-0.787658,-0.616113,0.000003,0.000004,-0.000000,1.000000,-0.616113,0.787658,0.000003,1,1.414687,0.909914,1.496790,1,0.137632,0.623407,-2.203793,1,0.296445,0.490800,-1.996151,1,0.226429,1.408017,-2.251906,1,0.307360,1.373997,-2.036479,1
4,0.708861,0.686843,-0.160509,0.158477,0.066654,0.985110,0.687314,-0.723743,-0.061600,1,-1.336694,-0.584384,-1.691747,1,0.708861,0.686843,-0.160509,0.158477,0.066654,0.985110,0.687314,-0.723743,-0.061600,1,-1.336694,-0.355432,-1.691747,1,0.711395,0.688015,-0.143361,0.133253,0.068240,0.988730,0.690044,-0.722481,-0.043135,1,-1.342392,-0.059152,-1.697883,1,-0.248384,-0.021465,-0.968424,0.226570,0.970735,-0.079628,0.941792,-0.239194,-0.236251,1,0.571111,-0.351978,-2.189182,1,0.043050,0.121246,-0.991688,0.222244,0.966576,0.127824,0.974040,-0.225899,0.014665,1,-0.379428,-0.279163,-2.180413,1,0.122270,0.284568,0.950827,-0.992046,0.063916,0.108441,-0.029914,-0.956523,0.290120,1,-0.190295,2.052906,-0.332911,1,0.050727,-0.585441,0.809126,-0.992046,0.063916,0.108441,-0.115202,-0.808191,-0.577542,1,-0.200415,2.052906,-0.285641,1,-0.890046,-0.439512,-0.121026,-0.150422,0.032532,0.988086,-0.430338,0.897648,-0.095067,1,1.780939,0.792204,1.109306,1,-0.756051,-0.654513,0.000567,0.002576,-0.002109,0.999994,-0.654508,0.756048,0.003281,1,1.538296,0.932314,1.670922,1,-0.773849,-0.622400,-0.117374,-0.024112,-0.156233,0.987426,-0.632911,0.766949,0.105893,1,1.270824,0.413816,1.629306,1,-0.779290,-0.626664,0.000003,0.000004,-0.000000,1.000000,-0.626664,0.779290,0.000003,1,1.387188,0.908553,1.524308,1,0.138551,0.620835,-2.215743,1,0.294693,0.480708,-1.997833,1,0.237339,1.402677,-2.266311,1,0.318584,1.372635,-2.036249,1
5,0.721919,0.674797,-0.153239,0.162069,0.050407,0.985491,0.672731,-0.736280,-0.072974,1,-1.380542,-0.594286,-1.665627,1,0.721919,0.674797,-0.153239,0.162069,0.050407,0.985491,0.672731,-0.736280,-0.072974,1,-1.380542,-0.366390,-1.665627,1,0.725346,0.675941,-0.130296,0.133008,0.048096,0.989947,0.675413,-0.735384,-0.055019,1,-1.388326,-0.062591,-1.671719,1,-0.179537,-0.028326,-0.983343,0.149111,0.987253,-0.055663,0.972385,-0.156621,-0.173024,1,0.413938,-0.178643,-2.256936,1,0.064081,0.102224,-0.992695,0.173872,0.978381,0.111974,0.982681,-0.179778,0.044921,1,-0.427157,-0.184712,-2.217829,1,0.139161,0.301803,0.943159,-0.989597,0.077472,0.121222,-0.036484,-0.950217,0.309445,1,-0.216007,2.060124,-0.308163,1,0.052822,-0.588099,0.807062,-0.989598,0.077473,0.121222,-0.133816,-0.805070,-0.577889,1,-0.202139,2.060124,-0.245512,1,-0.582962,-0.808453,-0.080982,-0.181715,0.032585,0.982811,-0.791918,0.587658,-0.165904,1,1.059642,0.862160,1.791531,1,-0.586270,-0.810116,-0.000315,0.000416,-0.000690,1.000000,-0.810116,0.586270,0.000741,1,1.142505,0.937541,1.989127,1,-0.784822,-0.613609,-0.086820,-0.024813,-0.108870,0.993746,-0.619224,0.782068,0.070219,1,1.326619,0.442157,1.581683,1,-0.777091,-0.629388,0.000003,0.000004,0.000000,1.000000,-0.629388,0.777091,0.000002,1,1.383471,0.913058,1.536756,1,0.142080,0.616988,-2.259132,1,0.290560,0.483145,-1.999850,1,0.239644,1.402729,-2.280661,1,0.323467,1.377140,-2.042297,1
6,0.712957,0.683317,-0.157386,0.158438,0.061663,0.985442,0.683074,-0.727513,-0.064300,1,-1.367255,-0.582180,-1.687196,1,0.712957,0.683317,-0.157386,0.158438,0.061663,0.985442,0.683074,-0.727513,-0.064300,1,-1.367255,-0.352299,-1.687196,1,0.716168,0.684568,-0.135902,0.136712,0.053351,0.989173,0.684407,-0.726994,-0.055381,1,-1.374430,-0.065917,-1.690175,1,-0.091754,-0.018058,-0.995618,0.077832,0.996647,-0.025250,0.992735,-0.079808,-0.090041,1,0.209408,-0.020413,-2.296470,1,0.044975,0.075764,-0.996111,0.127802,0.988490,0.080955,0.990779,-0.130946,0.034775,1,-0.401454,-0.102028,-2.261391,1,0.175951,0.288886,0.941056,-0.982563,0.109891,0.149978,-0.060087,-0.951036,0.303185,1,-0.290426,2.068304,-0.256798,1,0.056531,-0.591880,0.804041,-0.982563,0.109891,0.149978,-0.177126,-0.798500,-0.575347,1,-0.206803,2.068304,-0.152246,1,-0.559107,-0.827187,-0.056220,-0.164209,0.044016,0.985443,-0.812672,0.560200,-0.160442,1,1.023432,0.834737,1.829898,1,-0.561500,-0.827477,-0.000083,0.000107,-0.000173,1.000000,-0.827477,0.561500,0.000185,1,1.081975,0.946793,2.016024,1,-0.762789,-0.644594,-0.051497,0.012276,-0.094058,0.995491,-0.646531,0.758718,0.079660,1,1.293939,0.381469,1.636594,1,-0.763805,-0.645447,0.000003,0.000004,0.000000,1.000000,-0.645447,0.763805,0.000002,1,1.343312,0.923948,1.562448,1,0.137336,0.627724,-2.277464,1,0.284499,0.485224,-1.999126,1,0.236452,1.411151,-2.275595,1,0.326378,1.388030,-2.034505,1
7,0.715460,0.681776,-0.152635,0.150472,0.062973,0.986607,0.682257,-0.728845,-0.057533,1,-1.378112,-0.568103,-1.686591,1,0.715460,0.681776,-0.152635,0.150472,0.062973,0.986607,0.682257,-0.728845,-0.057533,1,-1.378112,-0.338534,-1.686591,1,0.719166,0.683196,-0.126660,0.131588,0.045075,0.990279,0.682264,-0.728842,-0.057484,1,-1.386530,-0.060819,-1.686608,1,-0.046852,-0.010164,-0.998850,0.040170,0.999120,-0.012051,0.998094,-0.040688,-0.046403,1,0.112263,0.063602,-2.307305,1,0.031837,0.055853,-0.997931,0.093658,0.993878,0.058614,0.995095,-0.095331,0.026411,1,-0.372763,-0.037906,-2.286624,1,0.200461,0.294195,0.934486,-0.970269,0.191660,0.147799,-0.135622,-0.936331,0.323869,1,-0.347236,2.074000,-0.090919,1,0.004437,-0.596477,0.802618,-0.970269,0.191660,0.147799,-0.241988,-0.779411,-0.577893,1,-0.103375,2.074000,-0.011077,1,-0.578637,-0.812804,-0.067297,-0.163952,0.035094,0.985844,-0.798936,0.581480,-0.153567,1,1.070079,0.827702,1.814000,1,-0.581283,-0.813702,-0.000003,0.000010,-0.000011,1.000000,-0.813702,0.581283,0.000014,1,1.139251,0.941188,1.992221,1,-0.779352,-0.624460,-0.051577,0.023164,-0.110971,0.993554,-0.626158,0.773133,0.100951,1,1.341822,0.346400,1.607146,1,-0.780394,-0.625288,0.000003,0.000004,0.000000,1.000000,-0.625288,0.780394,0.000002,1,1.390967,0.916729,1.515104,1,0.141874,0.624292,-2.300875,1,0.279599,0.483207,-2.008717,1,0.231027,1.405287,-2.283291,1,0.312631,1.380811,-2.032877,1
8,0.734555,0.665428,-0.132796,0.142372,0.040207,0.988996,0.663445,-0.745378,-0.065204,1,-1.428210,-0.552501,-1.648760,1,0.734555,0.665428,-0.132796,0.142372,0.040207,0.988996,0.663445,-0.745378,-0.065204,1,-1.428210,-0.321432,-1.648760,1,0.737751,0.666224,-0.108947,0.123094,0.025921,0.992056,0.663756,-0.745301,-0.062885,1,-1.435487,-0.041791,-1.649468,1,-0.023945,-0.005443,-0.999698,0.020640,0.999769,-0.005938,0.999500,-0.020776,-0.023827,1,0.057308,0.108648,-2.311801,1,0.022695,0.041031,-0.998900,0.068512,0.996745,0.042499,0.997392,-0.069401,0.019810,1,-0.358048,0.013101,-2.300991,1,0.207874,0.289570,0.934311,-0.965474,0.214053,0.148466,-0.157001,-0.932915,0.324069,1,-0.357304,2.070815,-0.037700,1,-0.009670,-0.598981,0.800705,-0.965474,0.214053,0.148466,-0.260322,-0.771624,-0.580370,1,-0.067055,2.070815,0.030160,1,-0.609904,-0.792373,-0.012733,-0.123629,0.079264,0.989158,-0.782773,0.604865,-0.146304,1,1.181150,0.754650,1.785665,1,-0.611259,-0.791431,0.000002,0.000005,-0.000001,1.000000,-0.791431,0.611259,0.000005,1,1.196525,0.947580,1.945517,1,-0.780000,-0.625780,0.000258,0.059591,-0.073867,0.995486,-0.622936,0.776494,0.094907,1,1.375106,0.292083,1.596438,1,-0.779978,-0.625806,0.000003,0.000004,0.000000,1.000000,-0.625806,0.779978,0.000002,1,1.374819,0.923092,1.515754,1,0.145118,0.627849,-2.309382,1,0.271156,0.488905,-2.009572,1,0.243933,1.407293,-2.279929,1,0.321893,1.387174,-2.020897,1
9,0.749749,0.648843,-0.129917,0.137657,0.039103,0.989708,0.647246,-0.759916,-0.060000,1,-1.467944,-0.540782,-1.618252,1,0.749749,0.648843,-0.129917,0.137657,0.039103,0.989708,0.647246,-0.759916,-0.060000,1,-1.467943,-0.311368,-1.618252,1,0.752950,0.649627,-0.105120,0.118280,0.023543,0.992701,0.647360,-0.759888,-0.059111,1,-1.475254,-0.031811,-1.618515,1,-0.015314,-0.003542,-0.999876,0.013225,0.999906,-0.003745,0.999795,-0.013281,-0.015266,1,0.040194,0.126521,-2.313126,1,0.018167,0.033361,-0.999278,0.055584,0.997864,0.034324,0.998289,-0.056168,0.016274,1,-0.346592,0.040294,-2.306652,1,0.204962,0.289186,0.935073,-0.967825,0.202354,0.149560,-0.145965,-0.935641,0.321356,1,-0.356138,2.071646,-0.062566,1,0.001342,-0.590216,0.807244,-0.967825,0.202354,0.149560,-0.251622,-0.781472,-0.570954,1,-0.084527,2.071646,0.010307,1,-0.612647,-0.790340,-0.005120,-0.109834,0.078721,0.990828,-0.782687,0.607590,-0.135035,1,1.188616,0.721925,1.793744,1,-0.613854,-0.789419,0.000002,0.000004,-0.000000,1.000000,-0.789419,0.613854,0.000003,1,1.196416,0.945210,1.938164,1,-0.793289,-0.608472,0.021334,0.060648,-0.044106,0.997184,-0.605817,0.792349,0.071891,1,1.417077,0.300233,1.552930,1,-0.793450,-0.608635,0.000003,0.000004,0.000000,1.000000,-0.608635,0.793450,0.000002,1,1.397668,0.922540,1.492662,1,0.147686,0.625526,-2.312496,1,0.274805,0.490435,-2.007275,1,0.245285,1.409293,-2.264448,1,0.333690,1.386622,-2.017466,1
10,0.738681,0.655884,-0.155456,0.168764,0.043324,0.984704,0.652586,-0.753618,-0.078687,1,-1.443668,-0.611445,-1.629188,1,0.738681,0.655884,-0.155456,0.168764,0.043324,0.984704,0.652586,-0.753618,-0.078687,1,-1.443668,-0.383009,-1.629188,1,0.742492,0.656793,-0.131637,0.146929,0.032044,0.988628,0.653542,-0.753390,-0.072710,1,-1.452373,-0.096889,-1.631373,1,-0.006270,-0.001476,-0.999979,0.005422,0.999984,-0.001510,0.999966,-0.005431,-0.006261,1,0.017217,0.143988,-2.316819,1,0.011709,0.022005,-0.999689,0.036549,0.999080,0.022419,0.999263,-0.036801,0.010894,1,-0.336187,0.079295,-2.314755,1,0.220940,0.284663,0.932820,-0.961905,0.221505,0.160234,-0.161012,-0.932686,0.322758,1,-0.394986,2.068481,-0.028244,1,-0.000684,-0.588058,0.808819,-0.961905,0.221505,0.160233,-0.273384,-0.777897,-0.565807,1,-0.079177,2.068481,0.061100,1,-0.616902,-0.786965,-0.010879,-0.120269,0.080600,0.989464,-0.777797,0.611711,-0.144369,1,1.193190,0.744262,1.774780,1,-0.617939,-0.786226,0.000002,0.000004,-0.000000,1.000000,-0.786226,0.617939,0.000003,1,1.206000,0.944767,1.931794,1,-0.798461,-0.601748,0.018958,0.044257,-0.027262,0.998648,-0.600418,0.798220,0.048400,1,1.425315,0.337372,1.528141,1,-0.798577,-0.601893,0.000003,0.000004,0.000000,1.000000,-0.601893,0.798577,0.000002,1,1.408063,0.919884,1.486720,1,0.150074,0.628112,-2.317785,1,0.271677,0.488016,-2.006548,1,0.245550,1.408850,-2.264060,1,0.339764,1.383967,-2.019292,1
11,0.736692,0.658566,-0.153545,0.164034,0.046246,0.985370,0.656032,-0.751101,-0.073958,1,-1.436943,-0.603296,-1.635016,1,0.736692,0.658566,-0.153545,0.164034,0.046246,0.985370,0.656032,-0.751101,-0.073958,1,-1.436943,-0.374781,-1.635016,1,0.740991,0.659620,-0.125835,0.142325,0.028864,0.989399,0.656259,-0.751045,-0.072492,1,-1.446859,-0.090632,-1.635541,1,-0.003211,-0.000760,-0.999995,0.002775,0.999996,-0.000769,0.999991,-0.002778,-0.003209,1,0.014417,0.149817,-2.314592,1,0.008456,0.016085,-0.999835,0.026673,0.999511,0.016305,0.999608,-0.026806,0.008023,1,-0.325462,0.099730,-2.314002,1,0.225244,0.283845,0.932039,-0.960231,0.226667,0.163028,-0.164988,-0.931694,0.323613,1,-0.405852,2.065365,-0.021069,1,0.008277,-0.587726,0.809017,-0.967616,0.199414,0.154767,-0.252290,-0.784099,-0.567043,1,-0.100072,2.067382,0.014235,1,-0.644077,-0.764562,-0.024689,-0.130661,0.078155,0.988342,-0.753719,0.639794,-0.150236,1,1.262837,0.764140,1.730973,1,-0.645283,-0.763943,0.000002,0.000004,0.000000,1.000000,-0.763943,0.645283,0.000003,1,1.288972,0.941009,1.896985,1,-0.817680,-0.575313,0.020362,0.049987,-0.035721,0.998111,-0.573499,0.817153,0.057966,1,1.485736,0.324481,1.479372,1,-0.817833,-0.575456,0.000003,0.000004,0.000000,1.000000,-0.575456,0.817833,0.000002,1,1.467236,0.921600,1.430132,1,0.151408,0.623984,-2.315858,1,0.274466,0.486213,-2.002241,1,0.239399,1.405091,-2.280940,1,0.325287,1.385682,-2.022931,1
12,0.740573,0.654270,-0.153237,0.177723,0.029214,0.983647,0.648048,-0.755696,-0.094643,1,-1.442035,-0.636131,-1.616621,1,0.740573,0.654270,-0.153237,0.177723,0.029214,0.983647,0.648048,-0.755696,-0.094643,1,-1.442035,-0.406134,-1.616621,1,0.744957,0.654931,-0.126898,0.150525,0.020293,0.988398,0.649908,-0.755416,-0.083466,1,-1.452122,-0.107837,-1.620902,1,-0.001645,-0.000391,-0.999999,0.001420,0.999999,-0.000393,0.999998,-0.001420,-0.001645,1,0.008433,0.155582,-2.310214,1,0.006121,0.011749,-0.999912,0.019458,0.999740,0.011866,0.999792,-0.019529,0.005891,1,-0.323123,0.117692,-2.310275,1,0.213737,0.281130,0.935565,-0.963493,0.218738,0.154388,-0.161241,-0.934409,0.317619,1,-0.379745,2.064720,-0.030955,1,-0.002342,-0.583508,0.812104,-0.963493,0.218738,0.154388,-0.267725,-0.782095,-0.562717,1,-0.073549,2.064720,0.047285,1,-0.619550,-0.784582,-0.024249,-0.141917,0.081576,0.986512,-0.772021,0.614635,-0.161886,1,1.191077,0.787832,1.746471,1,-0.620779,-0.783985,0.000002,0.000004,0.000000,1.000000,-0.783985,0.620779,0.000003,1,1.216845,0.941722,1.927534,1,-0.801428,-0.598088,0.001788,0.026351,-0.032323,0.999130,-0.597510,0.800778,0.041665,1,1.420678,0.372129,1.511972,1,-0.801431,-0.598087,0.000003,0.000004,0.000000,1.000000,-0.598087,0.801431,0.000002,1,1.419043,0.919559,1.475043,1,0.155284,0.626421,-2.311416,1,0.273456,0.488674,-2.002569,1,0.242593,1.405804,-2.266550,1,0.333441,1.383641,-2.019468,1
13,0.725900,0.672656,-0.143535,0.152591,0.045989,0.987219,0.670660,-0.738524,-0.069257,1,-1.405157,-0.579378,-1.658854,1,0.725900,0.672656,-0.143535,0.152591,0.045989,0.987219,0.670660,-0.738524,-0.069257,1,-1.405156,-0.351261,-1.658854,1,0.729590,0.673618,-0.118055,0.133854,0.028630,0.990587,0.670657,-0.738525,-0.069279,1,-1.413739,-0.073686,-1.658847,1,-0.000844,-0.000200,-1.000000,0.000725,1.000000,-0.000201,0.999999,-0.000725,-0.000844,1,0.012737,0.151552,-2.305957,1,0.004439,0.008577,-0.999953,0.014192,0.999862,0.008640,0.999889,-0.014229,0.004316,1,-0.313660,0.123176,-2.306201,1,0.202350,0.292341,0.934661,-0.972014,0.176266,0.155305,-0.119347,-0.939929,0.319827,1,-0.355041,2.066852,-0.121053,1,0.026011,-0.576270,0.816845,-0.972014,0.176266,0.155305,-0.233479,-0.798024,-0.555558,1,-0.130906,2.066852,-0.027245,1,-0.603394,-0.797426,0.005149,-0.115151,0.093517,0.988936,-0.789085,0.596126,-0.148252,1,1.169975,0.728493,1.790590,1,-0.604492,-0.796611,0.000002,0.000004,0.000000,1.000000,-0.796611,0.604492,0.000003,1,1.167826,0.938296,1.948767,1,-0.785046,-0.618951,0.024540,0.025364,0.007463,0.999650,-0.618918,0.785394,0.009841,1,1.394161,0.385437,1.543971,1,-0.785276,-0.619146,0.000003,0.000004,0.000000,1.000000,-0.619146,0.785276,0.000002,1,1.372053,0.917178,1.535367,1,0.150587,0.620307,-2.306992,1,0.279679,0.486920,-1.997846,1,0.247718,1.402378,-2.258350,1,0.356194,1.381260,-2.028055,1
14,0.711530,0.686265,-0.150885,0.157465,0.053539,0.986072,0.684785,-0.725379,-0.069968,1,-1.366561,-0.591673,-1.687889,1,0.711530,0.686265,-0.150885,0.157465,0.053539,0.986072,0.684785,-0.725379,-0.069968,1,-1.366561,-0.361976,-1.687889,1,0.715683,0.687446,-0.123352,0.140589,0.031202,0.989576,0.684129,-0.725565,-0.074317,1,-1.376221,-0.089896,-1.686364,1,-0.000434,-0.000104,-1.000000,0.000369,1.000000,-0.000104,1.000000,-0.000370,-0.000434,1,0.013385,0.153495,-2.302686,1,0.003223,0.006259,-0.999975,0.010349,0.999927,0.006292,0.999941,-0.010369,0.003158,1,-0.309622,0.132445,-2.303006,1,0.196192,0.290061,0.936682,-0.974895,0.160282,0.154561,-0.105301,-0.943490,0.314225,1,-0.342111,2.067996,-0.155540,1,0.031556,-0.587683,0.808475,-0.974895,0.160282,0.154561,-0.220417,-0.793056,-0.567872,1,-0.152184,2.067996,-0.055652,1,-0.594383,-0.804133,0.008888,-0.105283,0.088769,0.990472,-0.797261,0.587784,-0.137424,1,1.150089,0.704852,1.810267,1,-0.595659,-0.803238,0.000002,0.000004,0.000000,1.000000,-0.803238,0.595659,0.000003,1,1.144849,0.937623,1.954508,1,-0.777244,-0.628947,0.017786,0.020854,0.002502,0.999779,-0.628853,0.777444,0.011171,1,1.370974,0.392658,1.563251,1,-0.777376,-0.629036,0.000003,0.000004,0.000000,1.000000,-0.629036,0.777376,0.000002,1,1.354903,0.916950,1.553358,1,0.152410,0.618734,-2.303516,1,0.279599,0.483305,-1.998658,1,0.244642,1.401705,-2.251873,1,0.355267,1.381032,-2.030386,1
15,0.662170,0.733384,-0.153881,0.163910,0.058626,0.984732,0.731207,-0.677282,-0.081388,1,-1.243142,-0.602444,-1.776153,1,0.662170,0.733384,-0.153881,0.163910,0.058626,0.984732,0.731207,-0.677282,-0.081388,1,-1.243142,-0.373678,-1.776153,1,0.665470,0.734450,-0.133166,0.150284,0.042917,0.987711,0.731139,-0.677305,-0.081816,1,-1.250723,-0.106968,-1.775997,1,-0.000224,-0.000054,-1.000000,0.000187,1.000000,-0.000054,1.000000,-0.000187,-0.000224,1,0.010773,0.148412,-2.292374,1,0.002342,0.004566,-0.999987,0.007545,0.999961,0.004584,0.999969,-0.007556,0.002308,1,-0.309993,0.132956,-2.292626,1,0.197454,0.290063,0.936416,-0.977307,0.132986,0.164883,-0.076704,-0.947723,0.309739,1,-0.346966,2.069848,-0.227114,1,0.052886,-0.600544,0.797840,-0.977307,0.132986,0.164883,-0.205121,-0.788455,-0.579883,1,-0.213880,2.069848,-0.091534,1,-0.525162,-0.850374,-0.032708,-0.151514,0.055611,0.986890,-0.837406,0.523232,-0.158048,1,0.955155,0.795926,1.865881,1,-0.526737,-0.850029,0.000002,0.000004,0.000000,1.000000,-0.850029,0.526737,0.000003,1,0.989398,0.935659,2.043089,1,-0.728896,-0.683554,-0.038271,0.005558,-0.061807,0.998073,-0.684602,0.727278,0.048850,1,1.213844,0.394577,1.685635,1,-0.729518,-0.683962,0.000003,0.000004,0.000000,1.000000,-0.683962,0.729518,0.000003,1,1.249851,0.911413,1.640579,1,0.147425,0.620871,-2.293018,1,0.286385,0.475465,-1.998725,1,0.235161,1.399742,-2.257835,1,0.348287,1.375383,-2.029864,1
16,0.673186,0.730091,-0.117421,0.133048,0.036615,0.990433,0.727406,-0.682368,-0.072489,1,-1.272309,-0.542026,-1.767137,1,0.673186,0.730091,-0.117421,0.133048,0.036615,0.990433,0.727406,-0.682368,-0.072489,1,-1.272308,-0.311293,-1.767137,1,0.676036,0.730687,-0.095250,0.121797,0.016681,0.992415,0.726733,-0.682509,-0.077719,1,-1.279055,-0.050821,-1.765546,1,-0.000116,-0.000028,-1.000000,0.000094,1.000000,-0.000028,1.000000,-0.000094,-0.000116,1,0.015456,0.145435,-2.294277,1,0.001703,0.003331,-0.999993,0.005501,0.999979,0.003340,0.999983,-0.005506,0.001685,1,-0.303803,0.134040,-2.294486,1,0.171981,0.310766,0.934798,-0.984803,0.077543,0.155402,-0.024193,-0.947318,0.319379,1,-0.280060,2.063595,-0.329821,1,0.076430,-0.609985,0.788719,-0.984803,0.077543,0.155402,-0.155952,-0.788610,-0.594788,1,-0.265396,2.063595,-0.196299,1,-0.538418,-0.842590,-0.012138,-0.136847,0.073215,0.987883,-0.831492,0.533555,-0.154726,1,1.007934,0.768674,1.855972,1,-0.539808,-0.841788,0.000002,0.000004,0.000000,1.000000,-0.841788,0.539808,0.000003,1,1.022629,0.936747,2.025611,1,-0.733767,-0.679247,-0.014486,0.032248,-0.056119,0.997903,-0.678635,0.731761,0.063083,1,1.246922,0.347791,1.676099,1,-0.733925,-0.679230,0.000003,0.000004,0.000000,1.000000,-0.679230,0.733925,0.000002,1,1.260525,0.916357,1.620220,1,0.144617,0.615948,-2.294767,1,0.284246,0.476979,-1.997791,1,0.232611,1.400829,-2.257157,1,0.332941,1.380439,-2.025633,1
17,0.681678,0.723834,-0.106674,0.124068,0.029328,0.991840,0.721056,-0.689351,-0.069813,1,-1.292986,-0.532871,-1.756234,1,0.681678,0.723834,-0.106674,0.124068,0.029328,0.991840,0.721056,-0.689351,-0.069813,1,-1.292986,-0.300022,-1.756234,1,0.684404,0.724253,-0.083951,0.114101,0.007331,0.993442,0.720119,-0.689495,-0.077621,1,-1.299672,-0.042882,-1.753936,1,-0.000061,-0.000015,-1.000000,0.000046,1.000000,-0.000015,1.000000,-0.000046,-0.000061,1,0.023402,0.146999,-2.297283,1,0.001239,0.002428,-0.999996,0.004010,0.999989,0.002433,0.999991,-0.004013,0.001229,1,-0.294800,0.138609,-2.297469,1,0.157373,0.285075,0.945498,-0.987446,0.058583,0.146692,-0.013572,-0.956713,0.290716,1,-0.264528,2.061725,-0.354792,1,0.077927,-0.627127,0.775009,-0.987446,0.058583,0.146692,-0.137397,-0.776711,-0.614688,1,-0.269622,2.061725,-0.234102,1,-0.560238,-0.826215,0.059185,-0.074209,0.121226,0.989847,-0.825001,0.550158,-0.129227,1,1.106663,0.633709,1.865575,1,-0.562069,-0.827090,0.000002,0.000004,0.000000,1.000000,-0.827090,0.562069,0.000003,1,1.055545,0.929427,1.993316,1,-0.735236,-0.673296,0.078111,0.088240,0.019181,0.995915,-0.672043,0.739124,0.045310,1,1.308018,0.256721,1.658591,1,-0.737533,-0.675311,0.000003,0.000004,0.000000,1.000000,-0.675311,0.737533,0.000002,1,1.240550,0.913659,1.623194,1,0.146352,0.607879,-2.297651,1,0.273814,0.481928,-2.000098,1,0.247358,1.393509,-2.241941,1,0.359411,1.377741,-2.011106,1
18,0.682067,0.726869,-0.080283,0.105413,0.010914,0.994369,0.723652,-0.686689,-0.069178,1,-1.292819,-0.498634,-1.760301,1,0.682067,0.726869,-0.080283,0.105413,0.010914,0.994369,0.723652,-0.686689,-0.069178,1,-1.292819,-0.264062,-1.760301,1,0.684623,0.726834,-0.054816,0.094260,-0.013711,0.995453,0.722777,-0.686677,-0.077898,1,-1.299351,-0.005023,-1.758065,1,-0.000033,-0.000008,-1.000000,0.000022,1.000000,-0.000008,1.000000,-0.000022,-0.000033,1,0.028090,0.146875,-2.295809,1,0.000901,0.001769,-0.999998,0.002922,0.999994,0.001772,0.999995,-0.002924,0.000896,1,-0.289369,0.140728,-2.295957,1,0.155843,0.301257,0.940722,-0.987727,0.037508,0.151618,0.010391,-0.952805,0.303405,1,-0.249928,2.053199,-0.402737,1,0.099804,-0.595132,0.797406,-0.987727,0.037508,0.151618,-0.120142,-0.802752,-0.584085,1,-0.299179,2.053199,-0.273526,1,-0.562695,-0.823640,0.070650,-0.057469,0.124233,0.990587,-0.824664,0.553339,-0.117239,1,1.130571,0.594674,1.872142,1,-0.564960,-0.825119,0.000002,0.000004,0.000000,1.000000,-0.825119,0.564960,0.000003,1,1.069764,0.927557,1.984683,1,-0.732610,-0.675405,0.084326,0.093838,0.022483,0.995334,-0.674149,0.737104,0.046907,1,1.317333,0.249398,1.661427,1,-0.735291,-0.677752,0.000003,0.000004,0.000000,1.000000,-0.677752,0.735291,0.000002,1,1.244536,0.917639,1.625012,1,0.146378,0.603128,-2.296082,1,0.286879,0.484072,-1.993511,1,0.238592,1.391639,-2.241972,1,0.351378,1.381721,-2.016449,1
19,0.670353,0.737500,-0.081982,0.106564,0.013657,0.994212,0.734351,-0.675209,-0.069436,1,-1.261774,-0.502759,-1.781300,1,0.670353,0.737500,-0.081982,0.106564,0.013657,0.994212,0.734351,-0.675209,-0.069436,1,-1.261774,-0.267230,-1.781300,1,0.673047,0.737513,-0.055519,0.095990,-0.012674,0.995302,0.733344,-0.675214,-0.079324,1,-1.268670,-0.009985,-1.778723,1,-0.000019,-0.000005,-1.000000,0.000009,1.000000,-0.000005,1.000000,-0.000009,-0.000019,1,0.029487,0.147495,-2.292858,1,0.000655,0.001289,-0.999999,0.002130,0.999997,0.001291,0.999998,-0.002130,0.000653,1,-0.287444,0.143004,-2.292973,1,0.155930,0.284040,0.946048,-0.987529,0.023763,0.155633,0.021725,-0.958518,0.284203,1,-0.257522,2.047962,-0.431969,1,0.111419,-0.592926,0.797512,-0.987529,0.023763,0.155633,-0.111230,-0.804906,-0.582884,1,-0.320048,2.047962,-0.292919,1,-0.550851,-0.828971,0.096798,-0.039649,0.141843,0.989095,-0.833661,0.541006,-0.111002,1,1.111856,0.556278,1.891081,1,-0.562792,-0.826598,0.000002,0.000004,0.000000,1.000000,-0.826598,0.562792,0.000003,1,1.048764,0.927245,1.982918,1,-0.723703,-0.678679,0.125095,0.119292,0.055513,0.991306,-0.679723,0.732334,0.040787,1,1.316197,0.207167,1.669431,1,-0.729460,-0.684023,0.000003,0.000004,0.000000,1.000000,-0.684023,0.729460,0.000003,1,1.211122,0.916548,1.639616,1,0.147119,0.601699,-2.293060,1,0.287107,0.485880,-1.990342,1,0.249072,1.391327,-2.229312,1,0.367606,1.380630,-2.004999,1
20,0.667515,0.739719,-0.085088,0.112100,0.013134,0.993610,0.736110,-0.672788,-0.074155,1,-1.254027,-0.515486,-1.784791,1,0.667515,0.739719,-0.085088,0.112100,0.013134,0.993610,0.736110,-0.672788,-0.074155,1,-1.254027,-0.279899,-1.784791,1,0.670135,0.739754,-0.060693,0.101473,-0.010305,0.994785,0.735270,-0.672799,-0.081971,1,-1.260688,-0.021791,-1.782657,1,-0.000011,-0.000003,-1.000000,0.000003,1.000000,-0.000003,1.000000,-0.000003,-0.000011,1,0.029122,0.148079,-2.292231,1,0.000476,0.000940,-0.999999,0.001552,0.999998,0.000941,0.999999,-0.001552,0.000475,1,-0.287433,0.144800,-2.292318,1,0.153335,0.287302,0.945487,-0.987794,0.018020,0.154721,0.027414,-0.957671,0.286558,1,-0.251799,2.046455,-0.445186,1,0.113885,-0.594113,0.796279,-0.987794,0.018020,0.154720,-0.106271,-0.804180,-0.584809,1,-0.330484,2.046455,-0.301363,1,-0.545820,-0.835244,0.066695,-0.059717,0.118172,0.991196,-0.835771,0.537032,-0.114379,1,1.082881,0.597174,1.891916,1,-0.547875,-0.836560,0.000002,0.000004,0.000000,1.000000,-0.836560,0.547875,0.000003,1,1.025395,0.926131,2.002207,1,-0.720201,-0.689732,0.074704,0.078915,0.025534,0.996554,-0.689263,0.723614,0.036041,1,1.275819,0.279126,1.685627,1,-0.722293,-0.691587,0.000003,0.000004,0.000000,1.000000,-0.691587,0.722293,0.000003,1,1.211014,0.915198,1.656866,1,0.147799,0.602047,-2.292380,1,0.288095,0.480985,-1.991149,1,0.239163,1.390213,-2.236755,1,0.361549,1.377767,-2.015490,1
21,0.669867,0.738516,-0.076632,0.105370,0.007609,0.994404,0.734966,-0.674193,-0.072721,1,-1.259347,-0.506047,-1.782919,1,0.669867,0.738516,-0.076632,0.105370,0.007609,0.994404,0.734966,-0.674193,-0.072721,1,-1.259347,-0.273183,-1.782919,1,0.672293,0.738391,-0.052912,0.098132,-0.018047,0.995010,0.733752,-0.674131,-0.084593,1,-1.265756,-0.023045,-1.779712,1,-0.000008,-0.000002,-1.000000,-0.000000,1.000000,-0.000002,1.000000,0.000000,-0.000008,1,0.036828,0.148745,-2.293081,1,0.000346,0.000687,-1.000000,0.001130,0.999999,0.000687,0.999999,-0.001130,0.000345,1,-0.279457,0.146345,-2.293149,1,0.150319,0.284394,0.946850,-0.987943,0.007311,0.154647,0.037059,-0.958680,0.282064,1,-0.251606,2.041944,-0.466990,1,0.119728,-0.597204,0.793103,-0.987943,0.007311,0.154647,-0.098154,-0.802056,-0.589128,1,-0.342849,2.041944,-0.321282,1,-0.546664,-0.833923,0.075703,-0.052991,0.124680,0.990781,-0.835673,0.537613,-0.112348,1,1.091440,0.583903,1.891039,1,-0.549142,-0.835729,0.000002,0.000004,0.000000,1.000000,-0.835729,0.549142,0.000003,1,1.026375,0.926879,1.998061,1,-0.718207,-0.689450,0.094009,0.100933,0.030451,0.994427,-0.688471,0.723693,0.047718,1,1.282246,0.236270,1.687120,1,-0.721465,-0.692451,0.000003,0.000004,0.000000,1.000000,-0.692451,0.721465,0.000003,1,1.201612,0.915951,1.650615,1,0.148537,0.594333,-2.293189,1,0.288912,0.483413,-1.989055,1,0.239456,1.390961,-2.233462,1,0.358811,1.380033,-2.009890,1
22,0.666095,0.741323,-0.082203,0.107154,0.013957,0.994144,0.738130,-0.671003,-0.070139,1,-1.248954,-0.509788,-1.788926,1,0.666095,0.741323,-0.082203,0.107154,0.013957,0.994144,0.738130,-0.671003,-0.070139,1,-1.248953,-0.274312,-1.788926,1,0.668442,0.741365,-0.059691,0.100258,-0.010291,0.994908,0.736976,-0.671023,-0.081206,1,-1.255067,-0.024587,-1.785920,1,-0.000006,-0.000001,-1.000000,-0.000002,1.000000,-0.000001,1.000000,0.000002,-0.000006,1,0.034782,0.149012,-2.291467,1,0.000280,0.000558,-1.000000,0.000915,0.999999,0.000559,1.000000,-0.000915,0.000279,1,-0.282641,0.144827,-2.290766,1,0.153005,0.290363,0.944605,-0.987069,-0.001333,0.160293,0.047802,-0.956916,0.286404,1,-0.254876,2.037123,-0.489472,1,0.131539,-0.578234,0.805197,-0.987069,-0.001333,0.160293,-0.091613,-0.815870,-0.570932,1,-0.360638,2.037123,-0.333683,1,-0.537560,-0.840267,0.070568,-0.063470,0.123771,0.990279,-0.840833,0.527856,-0.119866,1,1.063567,0.601261,1.897479,1,-0.539803,-0.841791,0.000002,0.000004,0.000000,1.000000,-0.841791,0.539803,0.000003,1,1.003224,0.920972,2.012910,1,-0.713438,-0.696598,0.075882,0.083588,0.022914,0.996237,-0.695715,0.717096,0.041880,1,1.257824,0.263203,1.699480,1,-0.715558,-0.698554,0.000003,0.000004,0.000000,1.000000,-0.698554,0.715558,0.000003,1,1.192372,0.909655,1.666559,1,0.146597,0.597650,-2.290801,1,0.295611,0.480726,-1.986143,1,0.242079,1.385054,-2.235993,1,0.359591,1.373737,-2.017390,1
23,0.663640,0.743234,-0.084770,0.114053,0.011465,0.993409,0.739307,-0.668933,-0.077160,1,-1.242387,-0.521893,-1.790516,1,0.663640,0.743234,-0.084770,0.114053,0.011465,0.993409,0.739307,-0.668933,-0.077160,1,-1.242387,-0.286195,-1.790516,1,0.666047,0.743255,-0.062875,0.104560,-0.009572,0.994473,0.738545,-0.668940,-0.084090,1,-1.248526,-0.029966,-1.788573,1,-0.000005,-0.000001,-1.000000,-0.000003,1.000000,-0.000001,1.000000,0.000003,-0.000005,1,0.030529,0.149103,-2.290182,1,0.000182,0.000371,-1.000000,0.000599,1.000000,0.000371,1.000000,-0.000599,0.000182,1,-0.285419,0.147831,-2.290219,1,0.148694,0.294845,0.943905,-0.987284,-0.010006,0.158654,0.056223,-0.955493,0.289608,1,-0.242163,2.033138,-0.506331,1,0.135007,-0.579693,0.803573,-0.987284,-0.010006,0.158654,-0.083930,-0.814773,-0.573673,1,-0.370804,2.033138,-0.348617,1,-0.543865,-0.836373,0.068489,-0.047213,0.111982,0.992588,-0.837843,0.536601,-0.100391,1,1.075605,0.566725,1.903066,1,-0.545834,-0.837893,0.000002,0.000004,0.000000,1.000000,-0.837893,0.545834,0.000003,1,1.016334,0.924201,1.998170,1,-0.718179,-0.690790,0.083838,0.098819,0.018014,0.994942,-0.688806,0.722831,0.055325,1,1.271795,0.231540,1.693962,1,-0.720808,-0.693135,0.000003,0.000004,0.000000,1.000000,-0.693135,0.720808,0.000003,1,1.199871,0.910910,1.651541,1,0.148733,0.599753,-2.291252,1,0.295727,0.478163,-1.985482,1,0.239098,1.388284,-2.229002,1,0.358779,1.374992,-2.009615,1
24,0.670135,0.737338,-0.085156,0.112915,0.012121,0.993531,0.733600,-0.675415,-0.075134,1,-1.259986,-0.518360,-1.778120,1,0.670135,0.737338,-0.085156,0.112915,0.012121,0.993531,0.733600,-0.675415,-0.075134,1,-1.259986,-0.282243,-1.778120,1,0.672481,0.737383,-0.063532,0.102752,-0.008008,0.994675,0.732947,-0.675427,-0.081152,1,-1.265943,-0.024256,-1.776462,1,-0.000004,-0.000001,-1.000000,-0.000003,1.000000,-0.000001,1.000000,0.000003,-0.000004,1,0.029108,0.147515,-2.291013,1,0.000132,0.000275,-1.000000,0.000436,1.000000,0.000275,1.000000,-0.000436,0.000132,1,-0.286738,0.146588,-2.291038,1,0.146860,0.299851,0.942614,-0.988593,0.012298,0.150112,0.033419,-0.953907,0.298236,1,-0.234332,2.043980,-0.455648,1,0.111804,-0.607886,0.786113,-0.988593,0.012298,0.150111,-0.100918,-0.793929,-0.599577,1,-0.334912,2.043980,-0.315872,1,-0.548444,-0.833434,0.067797,-0.062888,0.121961,0.990541,-0.833819,0.538992,-0.119302,1,1.088077,0.604289,1.884370,1,-0.550543,-0.834807,0.000002,0.000004,0.000000,1.000000,-0.834807,0.550543,0.000003,1,1.029688,0.925603,1.999797,1,-0.719113,-0.690994,0.073506,0.080151,0.022596,0.996527,-0.690255,0.722507,0.039135,1,1.271042,0.276549,1.685583,1,-0.721152,-0.692777,0.000003,0.000004,0.000000,1.000000,-0.692777,0.721152,0.000003,1,1.207192,0.915945,1.654342,1,0.147430,0.602044,-2.291055,1,0.287695,0.480983,-1.990952,1,0.241392,1.389686,-2.236331,1,0.356726,1.380027,-2.016657,1
25,0.669060,0.738214,-0.086017,0.112679,0.013644,0.993538,0.734617,-0.674429,-0.074052,1,-1.258003,-0.514920,-1.779801,1,0.669060,0.738214,-0.086017,0.112679,0.013644,0.993538,0.734617,-0.674429,-0.074052,1,-1.258002,-0.280401,-1.779801,1,0.671219,0.738296,-0.066208,0.104009,-0.005370,0.994562,0.733926,-0.674455,-0.080394,1,-1.263452,-0.025396,-1.778056,1,-0.000004,-0.000001,-1.000000,-0.000003,1.000000,-0.000001,1.000000,0.000003,-0.000004,1,0.027722,0.146654,-2.290936,1,0.000095,0.000205,-1.000000,0.000317,1.000000,0.000205,1.000000,-0.000317,0.000095,1,-0.288051,0.145981,-2.290955,1,0.144620,0.305088,0.941279,-0.988575,0.003710,0.150684,0.042479,-0.952317,0.302139,1,-0.227295,2.040892,-0.473397,1,0.118246,-0.600862,0.790558,-0.988575,0.003710,0.150684,-0.093473,-0.799344,-0.593558,1,-0.345943,2.040892,-0.330625,1,-0.546956,-0.834334,0.068746,-0.051195,0.115299,0.992011,-0.835594,0.539067,-0.105777,1,1.084351,0.579052,1.893966,1,-0.549005,-0.835819,0.000002,0.000004,0.000000,1.000000,-0.835819,0.549005,0.000003,1,1.024811,0.927413,1.994942,1,-0.721276,-0.688025,0.079892,0.088723,0.022619,0.995799,-0.686942,0.725334,0.044729,1,1.278386,0.257523,1.683672,1,-0.723663,-0.690154,0.000003,0.000004,0.000000,1.000000,-0.690154,0.723663,0.000003,1,1.209369,0.914494,1.648636,1,0.146591,0.603430,-2.290968,1,0.290118,0.479749,-1.990263,1,0.238685,1.391495,-2.230036,1,0.358413,1.378576,-2.012986,1
26,0.692107,0.719039,-0.063013,0.096931,-0.006079,0.995273,0.715257,-0.694943,-0.073904,1,-1.320086,-0.485280,-1.742983,1,0.692107,0.719039,-0.063013,0.096931,-0.006079,0.995273,0.715257,-0.694943,-0.073904,1,-1.320086,-0.250507,-1.742983,1,0.694378,0.718588,-0.038344,0.086347,-0.030302,0.995804,0.714411,-0.694775,-0.083089,1,-1.326086,0.007467,-1.740749,1,-0.000004,-0.000001,-1.000000,-0.000004,1.000000,-0.000001,1.000000,0.000004,-0.000004,1,0.031044,0.145712,-2.298530,1,0.000068,0.000154,-1.000000,0.000230,1.000000,0.000154,1.000000,-0.000230,0.000068,1,-0.284675,0.145219,-2.298543,1,0.151581,0.319937,0.935235,-0.987062,-0.001039,0.160336,0.052269,-0.947438,0.315640,1,-0.232610,2.036495,-0.483450,1,0.129938,-0.591058,0.796094,-0.987062,-0.001039,0.160336,-0.093941,-0.806628,-0.583546,1,-0.359121,2.036495,-0.329780,1,-0.576208,-0.810310,0.106688,-0.020487,0.144815,0.989247,-0.817047,0.567826,-0.100045,1,1.187268,0.512731,1.864781,1,-0.580326,-0.814384,0.000002,0.000004,0.000000,1.000000,-0.814384,0.580326,0.000003,1,1.096801,0.924770,1.954383,1,-0.729919,-0.661957,0.170383,0.136276,0.103334,0.985267,-0.669811,0.742384,0.014783,1,1.367622,0.184550,1.634108,1,-0.740187,-0.669577,0.061565,0.053205,0.032950,0.998040,-0.670293,0.742011,0.011236,1,1.285786,0.818654,1.631688,1,0.145664,0.600108,-2.298552,1,0.289652,0.484277,-1.984828,1,0.240969,1.388852,-2.228120,1,0.392071,1.377708,-1.977187,1
27,0.676512,0.731237,-0.087310,0.102744,0.023680,0.994426,0.729229,-0.681712,-0.059111,1,-1.279059,-0.491430,-1.771035,1,0.676512,0.731237,-0.087310,0.102744,0.023680,0.994426,0.729229,-0.681712,-0.059111,1,-1.279058,-0.256657,-1.771035,1,0.678445,0.731478,-0.068208,0.098548,0.001389,0.995131,0.728012,-0.681863,-0.071143,1,-1.283956,-0.012205,-1.767950,1,-0.000004,-0.000001,-1.000000,-0.000004,1.000000,-0.000001,1.000000,0.000004,-0.000004,1,0.027679,0.145928,-2.294498,1,0.000049,0.000118,-1.000000,0.000167,1.000000,0.000118,1.000000,-0.000167,0.000049,1,-0.288000,0.145571,-2.294508,1,0.145036,0.313675,0.938388,-0.985911,-0.034063,0.163767,0.083333,-0.948919,0.304315,1,-0.226381,2.021282,-0.554173,1,0.152292,-0.587752,0.794579,-0.985911,-0.034063,0.163767,-0.069189,-0.808324,-0.584658,1,-0.406895,2.021282,-0.383449,1,-0.556136,-0.827361,0.078653,-0.038066,0.119898,0.992056,-0.830219,0.548724,-0.098174,1,1.111440,0.551682,1.893234,1,-0.558741,-0.829342,0.000002,0.000004,0.000000,1.000000,-0.829342,0.558741,0.000003,1,1.043804,0.927655,1.984791,1,-0.723721,-0.674426,0.146207,0.124279,0.081026,0.988934,-0.678809,0.733883,0.025177,1,1.323831,0.203315,1.661570,1,-0.731805,-0.681343,0.015288,0.013250,0.008204,0.999879,-0.681386,0.731918,0.003024,1,1.217732,0.890271,1.645732,1,0.145891,0.603473,-2.294514,1,0.294797,0.482616,-1.980186,1,0.243322,1.391737,-2.229286,1,0.385966,1.377774,-1.994578,1
