0,0.674460,0.059041,-0.735947,-0.672306,-0.362852,-0.645246,-0.305136,0.929975,-0.205035,1,2.897811,0.163938,0.358680,1,0.674460,0.059041,-0.735947,-0.672306,-0.362852,-0.645246,-0.305136,0.929975,-0.205035,1,2.885197,0.241456,0.160004,1,0.675008,0.076139,-0.733872,-0.675143,-0.337418,-0.655997,-0.297569,0.938271,-0.176355,1,2.869039,0.313060,-0.039107,1,-0.000004,-0.000004,1.000000,-0.000001,1.000000,0.000004,-1.000000,-0.000001,-0.000004,1,2.997931,0.128701,0.110307,1,-0.000004,-0.000004,1.000000,0.000021,1.000000,0.000004,-1.000000,0.000021,-0.000004,1,2.997930,0.128701,-0.167608,1,0.000004,0.000004,1.000000,-0.000003,-1.000000,0.000004,1.000000,-0.000003,-0.000004,1,2.772463,0.354211,0.209701,1,0.000004,0.000004,1.000000,0.000021,-1.000000,0.000004,1.000000,0.000021,-0.000004,1,2.772462,0.354212,-0.068214,1,-0.866110,0.072256,0.494604,0.499853,0.127171,0.856723,-0.000996,0.989245,-0.146262,1,2.918951,0.318581,-0.267343,1,-0.867273,-0.048480,0.495467,0.497436,-0.124149,0.858571,0.019888,0.991079,0.131787,1,2.888269,0.264582,-0.687393,1,-0.795111,0.314746,0.518395,0.579302,0.141224,0.802786,0.179464,0.938611,-0.294622,1,2.786810,0.450746,-0.209091,1,-0.791519,0.122383,0.598765,0.573535,-0.189642,0.796928,0.211081,0.974196,0.079915,1,2.653117,0.390759,-0.607780,1,2.997929,0.128706,-0.445522,1,2.772461,0.354206,-0.346128,1,2.907439,0.313672,-1.079282,1,2.603243,0.468044,-1.004793,1
1,0.665236,0.048424,-0.745061,-0.689063,-0.344426,-0.637623,-0.287494,0.937564,-0.195758,1,2.881290,0.170021,0.350887,1,0.665236,0.048424,-0.745061,-0.689063,-0.344426,-0.637623,-0.287494,0.937564,-0.195758,1,2.870955,0.243523,0.150806,1,0.665663,0.062271,-0.743650,-0.691637,-0.322730,-0.646130,-0.280233,0.944441,-0.171760,1,2.857740,0.312010,-0.049613,1,-0.000004,-0.000004,1.000000,-0.000001,1.000000,0.000004,-1.000000,-0.000001,-0.000004,1,2.982129,0.128014,0.104004,1,-0.000004,-0.000004,1.000000,0.000021,1.000000,0.000004,-1.000000,0.000021,-0.000004,1,2.982128,0.128013,-0.173911,1,0.000004,0.000004,1.000000,-0.000003,-1.000000,0.000004,1.000000,-0.000003,-0.000004,1,2.759782,0.359033,0.197607,1,0.000004,0.000004,1.000000,0.000021,-1.000000,0.000004,1.000000,0.000021,-0.000004,1,2.759781,0.359034,-0.080307,1,-0.855372,0.088275,0.510438,0.517969,0.132642,0.845053,0.006892,0.987225,-0.159182,1,2.909702,0.312777,-0.277470,1,-0.855388,-0.071397,0.513043,0.517921,-0.133692,0.844916,0.008265,0.988448,0.151336,1,2.872205,0.256435,-0.696814,1,-0.783112,0.301600,0.543850,0.597371,0.121729,0.792672,0.172867,0.945632,-0.275495,1,2.779348,0.448215,-0.222594,1,-0.776632,0.155641,0.610425,0.590750,-0.156563,0.791519,0.218763,0.975328,0.029647,1,2.651236,0.396507,-0.624278,1,2.982127,0.128019,-0.451825,1,2.759780,0.359029,-0.358222,1,2.900902,0.310171,-1.094107,1,2.587786,0.460333,-1.021885,1
2,0.692411,0.052638,-0.719581,-0.661104,-0.353170,-0.661976,-0.288979,0.934077,-0.209740,1,2.850458,0.186610,0.352279,1,0.692411,0.052638,-0.719581,-0.661104,-0.353170,-0.661976,-0.288979,0.934077,-0.209740,1,2.839223,0.261986,0.152923,1,0.693338,0.066692,-0.717519,-0.666335,-0.319780,-0.673601,-0.274372,0.945142,-0.177277,1,2.825070,0.329846,-0.047643,1,-0.000004,-0.000004,1.000000,-0.000001,1.000000,0.000004,-1.000000,-0.000001,-0.000004,1,2.955019,0.150701,0.107099,1,-0.000004,-0.000004,1.000000,0.000021,1.000000,0.000004,-1.000000,0.000021,-0.000004,1,2.955018,0.150701,-0.170815,1,0.000004,0.000004,1.000000,-0.000003,-1.000000,0.000004,1.000000,-0.000003,-0.000004,1,2.723427,0.373271,0.198746,1,0.000004,0.000004,1.000000,0.000021,-1.000000,0.000004,1.000000,0.000021,-0.000004,1,2.723426,0.373271,-0.079169,1,-0.874775,0.077674,0.478263,0.484496,0.151758,0.861530,-0.005662,0.985361,-0.170387,1,2.878822,0.332445,-0.275081,1,-0.875595,-0.034717,0.481797,0.482825,-0.093074,0.870756,0.014613,0.995054,0.098258,1,2.845850,0.268024,-0.693366,1,-0.800049,0.294634,0.522601,0.570151,0.102350,0.815140,0.186680,0.950113,-0.249870,1,2.743011,0.462966,-0.221337,1,-0.799920,0.132925,0.585199,0.570127,-0.136033,0.810216,0.187305,0.981746,0.033032,1,2.617811,0.419474,-0.625073,1,2.955017,0.150706,-0.448729,1,2.723425,0.373266,-0.357083,1,2.858368,0.301583,-1.052139,1,2.563509,0.475045,-1.026131,1
3,0.631761,0.066085,-0.772341,-0.710754,-0.348259,-0.611183,-0.309364,0.935066,-0.173046,1,2.810861,0.200790,0.357059,1,0.631761,0.066085,-0.772341,-0.710754,-0.348259,-0.611183,-0.309364,0.935066,-0.173046,1,2.796728,0.275270,0.157081,1,0.632791,0.071327,-0.771031,-0.715804,-0.325857,-0.617610,-0.295298,0.942724,-0.155144,1,2.781591,0.344419,-0.042970,1,-0.000004,-0.000004,1.000000,-0.000001,1.000000,0.000004,-1.000000,-0.000001,-0.000004,1,2.902412,0.155723,0.107762,1,-0.000004,-0.000004,1.000000,0.000021,1.000000,0.000004,-1.000000,0.000021,-0.000004,1,2.902411,0.155723,-0.170152,1,0.000004,0.000004,1.000000,-0.000003,-1.000000,0.000004,1.000000,-0.000003,-0.000004,1,2.691043,0.394818,0.206399,1,0.000004,0.000004,1.000000,0.000021,-1.000000,0.000004,1.000000,0.000021,-0.000004,1,2.691042,0.394818,-0.071516,1,-0.846877,0.050132,0.529421,0.521561,0.272614,0.808490,-0.103797,0.960816,-0.257017,1,2.828599,0.343272,-0.272021,1,-0.854387,-0.181808,0.486795,0.515334,-0.176133,0.838695,-0.066741,0.967431,0.244177,1,2.807373,0.227847,-0.678833,1,-0.783572,0.218311,0.581683,0.614889,0.138330,0.776387,0.089030,0.966025,-0.242628,1,2.704310,0.483864,-0.214021,1,-0.780202,0.087488,0.619379,0.610147,-0.111783,0.784363,0.137859,0.989874,0.033833,1,2.611661,0.425157,-0.623995,1,2.902410,0.155728,-0.448067,1,2.691041,0.394813,-0.349430,1,2.880390,0.298585,-1.067371,1,2.575931,0.470810,-1.028261,1
4,0.660893,0.131780,-0.738820,-0.667959,-0.345506,-0.659133,-0.342127,0.929118,-0.140319,1,2.801536,0.220523,0.351737,1,0.660893,0.131780,-0.738820,-0.667959,-0.345506,-0.659133,-0.342127,0.929118,-0.140319,1,2.773498,0.294032,0.154061,1,0.662829,0.130182,-0.737367,-0.672939,-0.328266,-0.662869,-0.328346,0.935571,-0.129979,1,2.745873,0.363691,-0.044470,1,-0.000004,-0.000004,1.000000,-0.000001,1.000000,0.000004,-1.000000,-0.000001,-0.000004,1,2.884200,0.181643,0.099223,1,-0.000004,-0.000004,1.000000,0.000021,1.000000,0.000004,-1.000000,0.000021,-0.000004,1,2.884199,0.181643,-0.178692,1,0.000004,0.000004,1.000000,-0.000003,-1.000000,0.000004,1.000000,-0.000003,-0.000004,1,2.662796,0.406421,0.208899,1,0.000004,0.000004,1.000000,0.000021,-1.000000,0.000004,1.000000,0.000021,-0.000004,1,2.662795,0.406422,-0.069016,1,-0.949403,-0.018848,0.313494,0.292398,0.311248,0.904228,-0.114617,0.950142,-0.289988,1,2.783196,0.367412,-0.275175,1,-0.949403,-0.182742,0.255419,0.292398,-0.217516,0.931231,-0.114617,0.958797,0.259943,1,2.791184,0.235498,-0.677866,1,-0.829903,0.163871,0.533299,0.555062,0.146098,0.818878,0.056277,0.975603,-0.212206,1,2.653298,0.499289,-0.210828,1,-0.828341,0.053224,0.557690,0.550848,-0.103989,0.828102,0.102068,0.993153,0.056820,1,2.583733,0.437269,-0.624981,1,2.884198,0.181648,-0.456606,1,2.662794,0.406416,-0.346930,1,2.861872,0.319638,-1.048748,1,2.561991,0.479750,-1.030694,1
5,0.724095,0.161714,-0.670474,-0.596904,-0.340087,-0.726668,-0.345531,0.926385,-0.149728,1,2.799487,0.228687,0.362249,1,0.724095,0.161714,-0.670474,-0.596904,-0.340087,-0.726668,-0.345531,0.926385,-0.149728,1,2.765142,0.300914,0.165503,1,0.726345,0.159705,-0.668519,-0.601543,-0.322837,-0.730700,-0.332520,0.932883,-0.138421,1,2.731251,0.369421,-0.032456,1,-0.000004,-0.000004,1.000000,-0.000001,1.000000,0.000004,-1.000000,-0.000001,-0.000004,1,2.886452,0.200449,0.109967,1,-0.000004,-0.000004,1.000000,0.000021,1.000000,0.000004,-1.000000,0.000021,-0.000004,1,2.886451,0.200449,-0.167947,1,0.000004,0.000004,1.000000,-0.000003,-1.000000,0.000004,1.000000,-0.000003,-0.000004,1,2.643831,0.401380,0.221038,1,0.000004,0.000004,1.000000,0.000021,-1.000000,0.000004,1.000000,0.000021,-0.000004,1,2.643830,0.401381,-0.056877,1,-0.961488,-0.018402,0.274231,0.253010,0.330492,0.909264,-0.107364,0.943629,-0.313108,1,2.768497,0.379015,-0.262980,1,-0.961488,-0.169571,0.216303,0.253010,-0.238649,0.937567,-0.107364,0.956186,0.272361,1,2.776315,0.238604,-0.663886,1,-0.883923,0.113261,0.453710,0.466535,0.147133,0.872179,0.032028,0.982611,-0.182895,1,2.626226,0.496840,-0.197849,1,-0.883672,0.027427,0.467303,0.460966,-0.122713,0.878892,0.081450,0.992063,0.095795,1,2.578108,0.434331,-0.615303,1,2.886450,0.200454,-0.445862,1,2.643829,0.401375,-0.334791,1,2.845128,0.335449,-1.051913,1,2.566902,0.484464,-1.020602,1
6,0.737188,0.190029,-0.648416,-0.573226,-0.332165,-0.749051,-0.357723,0.923881,-0.135939,1,2.799723,0.238200,0.364267,1,0.737188,0.190029,-0.648416,-0.573226,-0.332165,-0.749051,-0.357723,0.923881,-0.135939,1,2.759444,0.308606,0.168443,1,0.739106,0.199289,-0.643433,-0.576376,-0.307226,-0.757234,-0.348588,0.930535,-0.112207,1,2.717155,0.373799,-0.029016,1,-0.000004,-0.000004,1.000000,-0.000001,1.000000,0.000004,-1.000000,-0.000001,-0.000004,1,2.882886,0.212343,0.110223,1,-0.000004,-0.000004,1.000000,0.000021,1.000000,0.000004,-1.000000,0.000021,-0.000004,1,2.882885,0.212343,-0.167691,1,0.000004,0.000004,1.000000,-0.000003,-1.000000,0.000004,1.000000,-0.000003,-0.000004,1,2.636002,0.404868,0.226662,1,0.000004,0.000004,1.000000,0.000021,-1.000000,0.000004,1.000000,0.000021,-0.000004,1,2.636001,0.404869,-0.051253,1,-0.993471,-0.057761,0.098385,0.076473,0.302805,0.949979,-0.084663,0.951300,-0.296411,1,2.747260,0.382537,-0.260618,1,-0.995705,-0.071702,0.058567,0.071417,-0.192314,0.978731,-0.058914,0.978710,0.196609,1,2.771791,0.253935,-0.664638,1,-0.907264,0.053882,0.417095,0.420129,0.161056,0.893058,-0.019055,0.985473,-0.168758,1,2.602470,0.495447,-0.192331,1,-0.909375,0.017715,0.415599,0.410111,-0.129002,0.902866,0.069607,0.991486,0.110047,1,2.579577,0.427019,-0.611027,1,2.882884,0.212348,-0.445606,1,2.636000,0.404864,-0.329167,1,2.801030,0.332356,-1.063735,1,2.572338,0.479735,-1.016189,1
7,0.739075,0.199366,-0.643445,-0.562778,-0.342204,-0.752448,-0.370202,0.918232,-0.140715,1,2.800002,0.237069,0.359299,1,0.739075,0.199366,-0.643445,-0.562778,-0.342204,-0.752448,-0.370202,0.918232,-0.140715,1,2.757929,0.309285,0.165521,1,0.740752,0.220536,-0.634547,-0.565365,-0.305516,-0.766174,-0.362833,0.926296,-0.101628,1,2.711131,0.374114,-0.031036,1,-0.000004,-0.000004,1.000000,-0.000001,1.000000,0.000004,-1.000000,-0.000001,-0.000004,1,2.881647,0.214861,0.104923,1,-0.000004,-0.000004,1.000000,0.000021,1.000000,0.000004,-1.000000,0.000021,-0.000004,1,2.881646,0.214861,-0.172992,1,0.000004,0.000004,1.000000,-0.000003,-1.000000,0.000004,1.000000,-0.000003,-0.000004,1,2.634211,0.403709,0.226120,1,0.000004,0.000004,1.000000,0.000021,-1.000000,0.000004,1.000000,0.000021,-0.000004,1,2.634210,0.403710,-0.051795,1,-0.984464,-0.161050,0.069948,0.030277,0.236702,0.971110,-0.172954,0.958142,-0.228149,1,2.736857,0.383592,-0.263115,1,-0.998844,-0.047920,0.003827,0.011008,-0.150487,0.988551,-0.046795,0.987450,0.150841,1,2.805132,0.283246,-0.669303,1,-0.916744,0.027267,0.398543,0.394009,0.226183,0.890841,-0.065853,0.973703,-0.218096,1,2.591810,0.494295,-0.192069,1,-0.925130,-0.007133,0.379582,0.375043,-0.172444,0.910827,0.058959,0.984993,0.162209,1,2.580228,0.398222,-0.605658,1,2.881645,0.214866,-0.450906,1,2.634209,0.403704,-0.329709,1,2.824701,0.344703,-1.072560,1,2.583142,0.468660,-1.007997,1
8,0.762603,0.254837,-0.594554,-0.516124,-0.314351,-0.796743,-0.389938,0.914462,-0.108197,1,2.819778,0.237823,0.361486,1,0.762603,0.254837,-0.594554,-0.516124,-0.314351,-0.796743,-0.389938,0.914462,-0.108197,1,2.765706,0.304522,0.167455,1,0.763341,0.264988,-0.589145,-0.516991,-0.296238,-0.803096,-0.387338,0.917619,-0.089134,1,2.709477,0.367382,-0.027259,1,-0.000004,-0.000004,1.000000,-0.000001,1.000000,0.000004,-1.000000,-0.000001,-0.000004,1,2.893197,0.218177,0.102763,1,-0.000004,-0.000004,1.000000,0.000021,1.000000,0.000004,-1.000000,0.000021,-0.000004,1,2.893196,0.218177,-0.175151,1,0.000004,0.000004,1.000000,-0.000003,-1.000000,0.000004,1.000000,-0.000003,-0.000004,1,2.638215,0.390867,0.232146,1,0.000004,0.000004,1.000000,0.000021,-1.000000,0.000004,1.000000,0.000021,-0.000004,1,2.638214,0.390868,-0.045768,1,-0.982780,-0.184735,0.003990,-0.037719,0.221711,0.974383,-0.180887,0.957454,-0.224861,1,2.728057,0.379576,-0.259933,1,-0.997944,-0.014574,-0.062420,-0.059936,-0.133051,0.989295,-0.022723,0.991002,0.131904,1,2.806534,0.285391,-0.666668,1,-0.941550,-0.006449,0.336811,0.327150,0.220973,0.918773,-0.080351,0.975259,-0.205947,1,2.578437,0.480908,-0.184012,1,-0.950492,0.026613,0.309608,0.299157,-0.191224,0.934847,0.084083,0.981186,0.173795,1,2.581177,0.387007,-0.598444,1,2.893195,0.218182,-0.453066,1,2.638213,0.390863,-0.323683,1,2.812487,0.339737,-1.071459,1,2.570304,0.465137,-0.999338,1
9,0.755090,0.246857,-0.607372,-0.517276,-0.344880,-0.783252,-0.402822,0.905605,-0.132722,1,2.821878,0.224895,0.358628,1,0.755090,0.246857,-0.607372,-0.517276,-0.344880,-0.783252,-0.402822,0.905605,-0.132722,1,2.769862,0.297565,0.167807,1,0.755740,0.258948,-0.601501,-0.518137,-0.325275,-0.791031,-0.400489,0.909474,-0.111653,1,2.714915,0.366586,-0.025177,1,-0.000004,-0.000004,1.000000,-0.000001,1.000000,0.000004,-1.000000,-0.000001,-0.000004,1,2.896084,0.211028,0.100918,1,-0.000004,-0.000004,1.000000,0.000021,1.000000,0.000004,-1.000000,0.000021,-0.000004,1,2.896083,0.211028,-0.176996,1,0.000004,0.000004,1.000000,-0.000003,-1.000000,0.000004,1.000000,-0.000003,-0.000004,1,2.643641,0.384102,0.234695,1,0.000004,0.000004,1.000000,0.000021,-1.000000,0.000004,1.000000,0.000021,-0.000004,1,2.643640,0.384103,-0.043220,1,-0.983822,-0.176798,0.028926,-0.015937,0.247195,0.968835,-0.178438,0.952700,-0.246013,1,2.734082,0.384794,-0.257435,1,-0.998656,-0.032380,-0.040476,-0.035744,-0.135318,0.990157,-0.037538,0.990273,0.133979,1,2.809196,0.279771,-0.662201,1,-0.935900,-0.017163,0.351848,0.339818,0.219197,0.914591,-0.092822,0.975530,-0.199314,1,2.585854,0.486419,-0.178885,1,-0.946322,0.032313,0.321605,0.310530,-0.185220,0.932344,0.089695,0.982166,0.165243,1,2.593147,0.393270,-0.593443,1,2.896082,0.211034,-0.454910,1,2.643639,0.384097,-0.321134,1,2.822423,0.335045,-1.066703,1,2.579942,0.468965,-0.994830,1
10,0.795368,0.206123,-0.570002,-0.481477,-0.356402,-0.800723,-0.368197,0.911313,-0.184227,1,2.818136,0.217693,0.356252,1,0.795368,0.206123,-0.570002,-0.481477,-0.356402,-0.800723,-0.368197,0.911313,-0.184227,1,2.774633,0.292912,0.163919,1,0.795119,0.230081,-0.561114,-0.481087,-0.324039,-0.814588,-0.369244,0.917639,-0.146961,1,2.725812,0.361670,-0.030795,1,-0.000004,-0.000004,1.000000,-0.000001,1.000000,0.000004,-1.000000,-0.000001,-0.000004,1,2.907432,0.212563,0.102249,1,-0.000004,-0.000004,1.000000,0.000021,1.000000,0.000004,-1.000000,0.000021,-0.000004,1,2.907431,0.212563,-0.175666,1,0.000004,0.000004,1.000000,-0.000003,-1.000000,0.000004,1.000000,-0.000003,-0.000004,1,2.641834,0.373261,0.225589,1,0.000004,0.000004,1.000000,0.000021,-1.000000,0.000004,1.000000,0.000021,-0.000004,1,2.641833,0.373262,-0.052326,1,-0.989112,-0.147111,-0.003991,-0.036824,0.221150,0.974544,-0.142484,0.964080,-0.224160,1,2.754920,0.383278,-0.261699,1,-0.998245,-0.016562,-0.056852,-0.053970,-0.140588,0.988596,-0.024366,0.989930,0.139447,1,2.817425,0.289314,-0.671325,1,-0.946864,0.006546,0.321568,0.316885,0.190170,0.929204,-0.055070,0.981729,-0.182139,1,2.599062,0.477579,-0.189320,1,-0.951411,0.036534,0.305750,0.295739,-0.168163,0.940351,0.085771,0.985082,0.149187,1,2.596280,0.396770,-0.606484,1,2.907430,0.212568,-0.453580,1,2.641832,0.373257,-0.330240,1,2.824191,0.346741,-1.075692,1,2.581352,0.465487,-1.009021,1
11,0.803238,0.193371,-0.563396,-0.470962,-0.372924,-0.799451,-0.364695,0.907489,-0.208476,1,2.811042,0.209061,0.358036,1,0.803238,0.193371,-0.563396,-0.470962,-0.372924,-0.799451,-0.364695,0.907489,-0.208476,1,2.770223,0.287781,0.166476,1,0.803225,0.212357,-0.556538,-0.470937,-0.345725,-0.811599,-0.364758,0.913991,-0.177688,1,2.725163,0.361140,-0.027462,1,-0.000004,-0.000004,1.000000,-0.000001,1.000000,0.000004,-1.000000,-0.000001,-0.000004,1,2.904377,0.209126,0.105555,1,-0.000004,-0.000004,1.000000,0.000021,1.000000,0.000004,-1.000000,0.000021,-0.000004,1,2.904376,0.209126,-0.172360,1,0.000004,0.000004,1.000000,-0.000003,-1.000000,0.000004,1.000000,-0.000003,-0.000004,1,2.636069,0.366435,0.227397,1,0.000004,0.000004,1.000000,0.000021,-1.000000,0.000004,1.000000,0.000021,-0.000004,1,2.636068,0.366436,-0.050518,1,-0.989773,-0.142650,-0.000565,-0.030026,0.204455,0.978415,-0.139455,0.968426,-0.206648,1,2.758873,0.388315,-0.257171,1,-0.998983,0.006957,-0.044542,-0.045021,-0.102883,0.993674,0.002331,0.994669,0.103092,1,2.819495,0.301427,-0.668725,1,-0.946153,0.018336,0.323200,0.321448,0.171294,0.931305,-0.038286,0.985049,-0.167965,1,2.601332,0.480682,-0.185629,1,-0.948436,0.044699,0.313801,0.303525,-0.157194,0.939767,0.091335,0.986556,0.135521,1,2.593539,0.407882,-0.604274,1,2.904375,0.209132,-0.450274,1,2.636067,0.366431,-0.328432,1,2.816653,0.343463,-1.075130,1,2.575276,0.472107,-1.007348,1
12,0.748351,0.223098,-0.624658,-0.535618,-0.352247,-0.767486,-0.391259,0.908927,-0.144109,1,2.821784,0.210251,0.364345,1,0.748351,0.223098,-0.624658,-0.535618,-0.352247,-0.767486,-0.391259,0.908927,-0.144109,1,2.774862,0.284335,0.173183,1,0.748759,0.233953,-0.620182,-0.536232,-0.336194,-0.774228,-0.389634,0.912272,-0.126275,1,2.725220,0.355670,-0.020388,1,-0.000004,-0.000004,1.000000,-0.000001,1.000000,0.000004,-1.000000,-0.000001,-0.000004,1,2.899920,0.194774,0.108107,1,-0.000004,-0.000004,1.000000,0.000021,1.000000,0.000004,-1.000000,0.000021,-0.000004,1,2.899919,0.194774,-0.169808,1,0.000004,0.000004,1.000000,-0.000003,-1.000000,0.000004,1.000000,-0.000003,-0.000004,1,2.649805,0.373895,0.238259,1,0.000004,0.000004,1.000000,0.000021,-1.000000,0.000004,1.000000,0.000021,-0.000004,1,2.649804,0.373896,-0.039655,1,-0.984091,-0.169346,0.053732,0.016523,0.213886,0.976719,-0.176896,0.962068,-0.207685,1,2.748940,0.374468,-0.252135,1,-0.999921,0.010141,-0.007459,-0.008753,-0.134197,0.990916,0.009048,0.990903,0.134276,1,2.820882,0.283604,-0.660844,1,-0.925222,0.003066,0.379415,0.372011,0.204069,0.905518,-0.074650,0.978952,-0.189950,1,2.602217,0.479544,-0.175784,1,-0.932973,0.045549,0.357052,0.342925,-0.188944,0.920164,0.109375,0.980931,0.160660,1,2.600914,0.392829,-0.591772,1,2.899918,0.194780,-0.447722,1,2.649803,0.373890,-0.317570,1,2.816740,0.338410,-1.065527,1,2.582307,0.470012,-0.992480,1
13,0.829497,0.162437,-0.534368,-0.458915,-0.347089,-0.817879,-0.318327,0.923658,-0.213364,1,2.811495,0.208952,0.361803,1,0.829497,0.162437,-0.534368,-0.458915,-0.347089,-0.817879,-0.318327,0.923658,-0.213364,1,2.776977,0.282707,0.165529,1,0.831038,0.172899,-0.528660,-0.461958,-0.314820,-0.829146,-0.309791,0.933271,-0.181755,1,2.740290,0.349507,-0.032496,1,-0.000004,-0.000004,1.000000,-0.000001,1.000000,0.000004,-1.000000,-0.000001,-0.000004,1,2.915777,0.205551,0.113788,1,-0.000004,-0.000004,1.000000,0.000021,1.000000,0.000004,-1.000000,0.000021,-0.000004,1,2.915776,0.205551,-0.164127,1,0.000004,0.000004,1.000000,-0.000003,-1.000000,0.000004,1.000000,-0.000003,-0.000004,1,2.638177,0.359862,0.217270,1,0.000004,0.000004,1.000000,0.000021,-1.000000,0.000004,1.000000,0.000021,-0.000004,1,2.638176,0.359863,-0.060645,1,-0.997488,-0.067808,-0.020482,-0.033149,0.191329,0.980966,-0.062598,0.979181,-0.193096,1,2.784401,0.371393,-0.260641,1,-0.999045,-0.014357,-0.041267,-0.038949,-0.135421,0.990022,-0.019802,0.990684,0.134733,1,2.813178,0.290194,-0.676199,1,-0.949269,0.058478,0.308981,0.314168,0.133545,0.939928,0.013702,0.989316,-0.145142,1,2.622806,0.461220,-0.200402,1,-0.949580,0.029410,0.312143,0.301956,-0.182169,0.935755,0.084384,0.982827,0.164103,1,2.598033,0.404647,-0.619499,1,2.915775,0.205557,-0.442041,1,2.638175,0.359858,-0.338559,1,2.819042,0.345502,-1.080808,1,2.586016,0.479083,-1.021092,1
14,0.794946,0.223823,-0.563883,-0.473040,-0.353284,-0.807108,-0.379860,0.908347,-0.174965,1,2.831209,0.209964,0.360515,1,0.794946,0.223823,-0.563883,-0.473040,-0.353284,-0.807108,-0.379860,0.908347,-0.174965,1,2.783968,0.284529,0.168798,1,0.795413,0.234890,-0.558699,-0.473740,-0.333989,-0.814875,-0.378005,0.912841,-0.154382,1,2.734128,0.355395,-0.024891,1,-0.000004,-0.000004,1.000000,-0.000001,1.000000,0.000004,-1.000000,-0.000001,-0.000004,1,2.916819,0.205405,0.105663,1,-0.000004,-0.000004,1.000000,0.000021,1.000000,0.000004,-1.000000,0.000021,-0.000004,1,2.916818,0.205405,-0.172252,1,0.000004,0.000004,1.000000,-0.000003,-1.000000,0.000004,1.000000,-0.000003,-0.000004,1,2.651117,0.363653,0.231932,1,0.000004,0.000004,1.000000,0.000021,-1.000000,0.000004,1.000000,0.000021,-0.000004,1,2.651116,0.363654,-0.045983,1,-0.994822,-0.100973,-0.011531,-0.031973,0.203262,0.978602,-0.096468,0.973904,-0.205438,1,2.762176,0.379873,-0.255593,1,-0.998948,0.003169,-0.045739,-0.045719,-0.143832,0.988545,-0.003446,0.989597,0.143826,1,2.805067,0.293532,-0.669284,1,-0.946823,0.056275,0.316796,0.321754,0.162405,0.932791,0.001043,0.985118,-0.171876,1,2.606400,0.472651,-0.181564,1,-0.947410,0.039750,0.317545,0.305342,-0.184819,0.934135,0.095821,0.981968,0.162962,1,2.582502,0.403683,-0.599910,1,2.916817,0.205411,-0.450166,1,2.651115,0.363648,-0.323897,1,2.803773,0.352266,-1.073387,1,2.566260,0.479198,-1.001130,1
15,0.761372,0.227854,-0.606956,-0.511406,-0.364331,-0.778284,-0.398468,0.902965,-0.160865,1,2.827804,0.208840,0.363190,1,0.761372,0.227854,-0.606956,-0.511406,-0.364331,-0.778284,-0.398468,0.902965,-0.160865,1,2.779268,0.286447,0.170848,1,0.762047,0.239686,-0.601527,-0.512431,-0.344681,-0.786518,-0.395852,0.907605,-0.139841,1,2.728411,0.359581,-0.021727,1,-0.000004,-0.000004,1.000000,-0.000001,1.000000,0.000004,-1.000000,-0.000001,-0.000004,1,2.906546,0.200860,0.104733,1,-0.000004,-0.000004,1.000000,0.000021,1.000000,0.000004,-1.000000,0.000021,-0.000004,1,2.906545,0.200860,-0.173182,1,0.000004,0.000004,1.000000,-0.000003,-1.000000,0.000004,1.000000,-0.000003,-0.000004,1,2.651989,0.372033,0.236964,1,0.000004,0.000004,1.000000,0.000021,-1.000000,0.000004,1.000000,0.000021,-0.000004,1,2.651988,0.372034,-0.040951,1,-0.983729,-0.175886,0.036629,-0.007285,0.242763,0.970058,-0.179512,0.954007,-0.240094,1,2.752195,0.382524,-0.253075,1,-0.999048,0.026691,-0.034492,-0.038063,-0.147497,0.988330,0.021292,0.988702,0.148373,1,2.826873,0.279452,-0.658129,1,-0.933717,0.021631,0.357358,0.353454,0.214480,0.910532,-0.056950,0.976489,-0.207909,1,2.602913,0.482906,-0.175530,1,-0.941015,0.010563,0.338199,0.329609,-0.197280,0.923276,0.076473,0.980290,0.182162,1,2.593725,0.391805,-0.590296,1,2.906544,0.200866,-0.451096,1,2.651987,0.372028,-0.318865,1,2.815975,0.339676,-1.061823,1,2.589409,0.472404,-0.990790,1
16,0.784366,0.204328,-0.585679,-0.493307,-0.366938,-0.788673,-0.376055,0.907528,-0.187017,1,2.822497,0.209279,0.362880,1,0.784366,0.204328,-0.585679,-0.493307,-0.366938,-0.788673,-0.376055,0.907528,-0.187017,1,2.779207,0.287020,0.170608,1,0.783485,0.223924,-0.579663,-0.491839,-0.346667,-0.798697,-0.379797,0.910868,-0.161474,1,2.731695,0.360575,-0.022658,1,-0.000004,-0.000004,1.000000,-0.000001,1.000000,0.000004,-1.000000,-0.000001,-0.000004,1,2.910067,0.204873,0.107174,1,-0.000004,-0.000004,1.000000,0.000021,1.000000,0.000004,-1.000000,0.000021,-0.000004,1,2.910066,0.204873,-0.170741,1,0.000004,0.000004,1.000000,-0.000003,-1.000000,0.000004,1.000000,-0.000003,-0.000004,1,2.648347,0.369167,0.234042,1,0.000004,0.000004,1.000000,0.000021,-1.000000,0.000004,1.000000,0.000021,-0.000004,1,2.648346,0.369168,-0.043872,1,-0.987812,-0.154214,0.021121,-0.016220,0.236942,0.971388,-0.154806,0.959206,-0.236556,1,2.760995,0.385911,-0.253159,1,-0.998763,0.028798,-0.040526,-0.044493,-0.154033,0.987064,0.022183,0.987646,0.155123,1,2.826520,0.285235,-0.660724,1,-0.938894,0.042933,0.341517,0.342940,0.201680,0.917452,-0.029488,0.978510,-0.204079,1,2.607370,0.482349,-0.178689,1,-0.942771,0.020591,0.332803,0.322792,-0.193858,0.926404,0.083592,0.980814,0.176117,1,2.589127,0.396652,-0.594474,1,2.910065,0.204878,-0.448655,1,2.648345,0.369163,-0.321787,1,2.814753,0.348172,-1.064273,1,2.580714,0.475860,-0.995223,1
17,0.781910,0.213582,-0.585662,-0.491188,-0.367418,-0.789771,-0.383864,0.905200,-0.182379,1,2.823461,0.211295,0.362523,1,0.781910,0.213582,-0.585662,-0.491188,-0.367418,-0.789771,-0.383864,0.905200,-0.182379,1,2.778421,0.288775,0.171638,1,0.780842,0.233482,-0.579458,-0.489481,-0.347702,-0.799695,-0.388193,0.908069,-0.157215,1,2.728881,0.362549,-0.021032,1,-0.000004,-0.000004,1.000000,-0.000001,1.000000,0.000004,-1.000000,-0.000001,-0.000004,1,2.908839,0.207021,0.106801,1,-0.000004,-0.000004,1.000000,0.000021,1.000000,0.000004,-1.000000,0.000021,-0.000004,1,2.908838,0.207021,-0.171113,1,0.000004,0.000004,1.000000,-0.000003,-1.000000,0.000004,1.000000,-0.000003,-0.000004,1,2.648002,0.370529,0.236475,1,0.000004,0.000004,1.000000,0.000021,-1.000000,0.000004,1.000000,0.000021,-0.000004,1,2.648001,0.370530,-0.041440,1,-0.989628,-0.142643,0.017029,-0.017778,0.239236,0.970799,-0.142552,0.960427,-0.239290,1,2.755902,0.388330,-0.251764,1,-0.999298,-0.006759,-0.036836,-0.035615,-0.132676,0.990519,-0.011582,0.991136,0.132342,1,2.816512,0.286677,-0.659857,1,-0.940917,0.024829,0.337725,0.334773,0.218418,0.916635,-0.051006,0.975539,-0.213826,1,2.602780,0.484316,-0.175640,1,-0.944930,0.047493,0.323807,0.311047,-0.177336,0.933703,0.101767,0.983004,0.152798,1,2.592230,0.391503,-0.590177,1,2.908837,0.207026,-0.449028,1,2.648000,0.370524,-0.319354,1,2.819272,0.340848,-1.064538,1,2.572824,0.463961,-0.991822,1
18,0.804620,0.207153,-0.556483,-0.458740,-0.378186,-0.804073,-0.377020,0.902255,-0.209266,1,2.827204,0.209427,0.362433,1,0.804620,0.207153,-0.556483,-0.458740,-0.378186,-0.804073,-0.377020,0.902255,-0.209266,1,2.783001,0.290124,0.169910,1,0.805088,0.226063,-0.548387,-0.459522,-0.346887,-0.817624,-0.375063,0.910255,-0.175394,1,2.735036,0.363724,-0.023222,1,-0.000004,-0.000004,1.000000,-0.000001,1.000000,0.000004,-1.000000,-0.000001,-0.000004,1,2.917470,0.213374,0.107266,1,-0.000004,-0.000004,1.000000,0.000021,1.000000,0.000004,-1.000000,0.000021,-0.000004,1,2.917469,0.213374,-0.170649,1,0.000004,0.000004,1.000000,-0.000003,-1.000000,0.000004,1.000000,-0.000003,-0.000004,1,2.648532,0.366874,0.232554,1,0.000004,0.000004,1.000000,0.000021,-1.000000,0.000004,1.000000,0.000021,-0.000004,1,2.648531,0.366875,-0.045360,1,-0.990994,-0.133840,-0.004178,-0.039919,0.265506,0.963282,-0.127816,0.954774,-0.268458,1,2.766015,0.392266,-0.253131,1,-0.998063,-0.022636,-0.057953,-0.054174,-0.141875,0.988401,-0.030595,0.989626,0.140373,1,2.822884,0.279450,-0.658823,1,-0.950309,0.012619,0.311054,0.304491,0.245646,0.920295,-0.064796,0.969277,-0.237282,1,2.608127,0.482384,-0.179577,1,-0.957209,0.034983,0.287276,0.273873,-0.211265,0.938275,0.093515,0.976802,0.192644,1,2.602764,0.377989,-0.591499,1,2.917468,0.213379,-0.448563,1,2.648530,0.366870,-0.323275,1,2.832132,0.337414,-1.063136,1,2.588473,0.464297,-0.990547,1
19,0.772680,0.214075,-0.597611,-0.512291,-0.345649,-0.786184,-0.374865,0.913619,-0.157407,1,2.830172,0.207451,0.356171,1,0.772680,0.214075,-0.597611,-0.512291,-0.345649,-0.786184,-0.374865,0.913619,-0.157407,1,2.784537,0.281133,0.161417,1,0.773072,0.224034,-0.593438,-0.512896,-0.329695,-0.792615,-0.373227,0.917120,-0.139972,1,2.737003,0.351085,-0.033170,1,-0.000004,-0.000004,1.000000,-0.000001,1.000000,0.000004,-1.000000,-0.000001,-0.000004,1,2.913659,0.195467,0.099079,1,-0.000004,-0.000004,1.000000,0.000021,1.000000,0.000004,-1.000000,0.000021,-0.000004,1,2.913658,0.195467,-0.178836,1,0.000004,0.000004,1.000000,-0.000003,-1.000000,0.000004,1.000000,-0.000003,-0.000004,1,2.655415,0.366798,0.223754,1,0.000004,0.000004,1.000000,0.000021,-1.000000,0.000004,1.000000,0.000021,-0.000004,1,2.655414,0.366799,-0.054160,1,-0.989418,-0.141783,0.030813,-0.001275,0.220857,0.975305,-0.145087,0.964946,-0.218700,1,2.765222,0.370779,-0.264329,1,-0.999181,-0.034358,-0.021362,-0.016454,-0.137274,0.990396,-0.036960,0.989937,0.136597,1,2.825445,0.276969,-0.674192,1,-0.934115,0.021904,0.356300,0.353668,0.192294,0.915392,-0.048463,0.981093,-0.187371,1,2.613716,0.471295,-0.191185,1,-0.938822,0.038034,0.342296,0.330311,-0.181956,0.926168,0.097509,0.982571,0.158261,1,2.604408,0.389582,-0.608086,1,2.913657,0.195473,-0.456750,1,2.655413,0.366793,-0.332075,1,2.839481,0.333051,-1.078617,1,2.588867,0.463929,-1.009566,1
20,0.778831,0.189882,-0.597802,-0.515500,-0.349178,-0.782518,-0.357325,0.917616,-0.174067,1,2.822546,0.213882,0.355832,1,0.778831,0.189882,-0.597802,-0.515500,-0.349178,-0.782518,-0.357325,0.917616,-0.174067,1,2.782216,0.288044,0.160938,1,0.779294,0.210425,-0.590273,-0.516272,-0.318314,-0.795072,-0.355195,0.924336,-0.139424,1,2.737570,0.355581,-0.035178,1,-0.000004,-0.000004,1.000000,-0.000001,1.000000,0.000004,-1.000000,-0.000001,-0.000004,1,2.912378,0.201815,0.101612,1,-0.000004,-0.000004,1.000000,0.000021,1.000000,0.000004,-1.000000,0.000021,-0.000004,1,2.912377,0.201814,-0.176303,1,0.000004,0.000004,1.000000,-0.000003,-1.000000,0.000004,1.000000,-0.000003,-0.000004,1,2.652055,0.374274,0.220264,1,0.000004,0.000004,1.000000,0.000021,-1.000000,0.000004,1.000000,0.000021,-0.000004,1,2.652054,0.374274,-0.057651,1,-0.988195,-0.150302,0.029668,-0.002387,0.208733,0.977970,-0.153183,0.966354,-0.206628,1,2.769345,0.372489,-0.266126,1,-0.999083,0.035442,-0.024038,-0.028707,-0.137744,0.990052,0.031778,0.989834,0.138635,1,2.833194,0.283819,-0.676637,1,-0.933067,0.031810,0.358293,0.357810,0.184121,0.915463,-0.036848,0.982389,-0.183179,1,2.616502,0.473745,-0.196462,1,-0.936426,0.046121,0.347820,0.333620,-0.189921,0.923378,0.108645,0.980716,0.162460,1,2.602983,0.395492,-0.613988,1,2.912376,0.201820,-0.454217,1,2.652053,0.374269,-0.335565,1,2.818731,0.340029,-1.080561,1,2.584136,0.473101,-1.014747,1
21,0.780863,0.190738,-0.594871,-0.522739,-0.321887,-0.789387,-0.342048,0.927366,-0.151643,1,2.821842,0.215553,0.354466,1,0.780863,0.190738,-0.594871,-0.522739,-0.321887,-0.789387,-0.342048,0.927366,-0.151643,1,2.781355,0.283879,0.157618,1,0.782295,0.198145,-0.590553,-0.525031,-0.300420,-0.796298,-0.335197,0.932998,-0.130985,1,2.739314,0.347618,-0.040334,1,-0.000004,-0.000004,1.000000,-0.000001,1.000000,0.000004,-1.000000,-0.000001,-0.000004,1,2.912018,0.196186,0.101632,1,-0.000004,-0.000004,1.000000,0.000021,1.000000,0.000004,-1.000000,0.000021,-0.000004,1,2.912017,0.196186,-0.176283,1,0.000004,0.000004,1.000000,-0.000003,-1.000000,0.000004,1.000000,-0.000003,-0.000004,1,2.650691,0.371571,0.213604,1,0.000004,0.000004,1.000000,0.000021,-1.000000,0.000004,1.000000,0.000021,-0.000004,1,2.650690,0.371572,-0.064311,1,-0.993292,-0.110810,0.033043,0.009268,0.208550,0.977968,-0.115260,0.971714,-0.206124,1,2.773981,0.359876,-0.271153,1,-0.999832,-0.016080,-0.008829,-0.006220,-0.155601,0.987800,-0.017258,0.987689,0.155475,1,2.821069,0.271255,-0.684075,1,-0.930665,0.038452,0.363845,0.364795,0.173740,0.914734,-0.028041,0.984041,-0.175721,1,2.620566,0.462838,-0.205419,1,-0.932771,0.055746,0.356132,0.339993,-0.192184,0.920581,0.119762,0.979774,0.160311,1,2.604225,0.389005,-0.623600,1,2.912016,0.196191,-0.454197,1,2.650689,0.371566,-0.342225,1,2.827637,0.334811,-1.087504,1,2.581444,0.467543,-1.023990,1
22,0.770561,0.194229,-0.607051,-0.530746,-0.331825,-0.779873,-0.352909,0.923129,-0.152605,1,2.821752,0.209716,0.356865,1,0.770561,0.194229,-0.607051,-0.530746,-0.331825,-0.779873,-0.352909,0.923129,-0.152605,1,2.780218,0.280673,0.159464,1,0.771153,0.205341,-0.602626,-0.531701,-0.312900,-0.787012,-0.350167,0.927324,-0.132114,1,2.736651,0.347059,-0.037282,1,-0.000004,-0.000004,1.000000,-0.000001,1.000000,0.000004,-1.000000,-0.000001,-0.000004,1,2.909021,0.191866,0.100977,1,-0.000004,-0.000004,1.000000,0.000021,1.000000,0.000004,-1.000000,0.000021,-0.000004,1,2.909020,0.191866,-0.176938,1,0.000004,0.000004,1.000000,-0.000003,-1.000000,0.000004,1.000000,-0.000003,-0.000004,1,2.651415,0.369480,0.217950,1,0.000004,0.000004,1.000000,0.000021,-1.000000,0.000004,1.000000,0.000021,-0.000004,1,2.651414,0.369481,-0.059964,1,-0.994975,-0.091100,0.041548,0.024966,0.176132,0.984050,-0.096965,0.980142,-0.172973,1,2.768672,0.361330,-0.268351,1,-0.998880,-0.046091,0.010656,0.017398,-0.148461,0.988765,-0.043991,0.987844,0.149097,1,2.807379,0.286494,-0.684798,1,-0.925548,0.055066,0.374604,0.378589,0.149031,0.913488,-0.005525,0.987298,-0.158783,1,2.617497,0.465562,-0.199705,1,-0.926266,0.047218,0.373900,0.360739,-0.176074,0.915896,0.109081,0.983244,0.146058,1,2.594096,0.402231,-0.619263,1,2.909019,0.191871,-0.454852,1,2.651413,0.369475,-0.337878,1,2.826211,0.347152,-1.088408,1,2.574804,0.474171,-1.020997,1
23,0.754844,0.195335,-0.626143,-0.547881,-0.337062,-0.765647,-0.360607,0.920996,-0.147409,1,2.822120,0.208308,0.356280,1,0.754844,0.195335,-0.626143,-0.547881,-0.337062,-0.765647,-0.360607,0.920996,-0.147409,1,2.780129,0.280766,0.158295,1,0.756352,0.204230,-0.621467,-0.550341,-0.314909,-0.773277,-0.353632,0.926889,-0.125786,1,2.736799,0.347578,-0.038356,1,-0.000004,-0.000004,1.000000,-0.000001,1.000000,0.000004,-1.000000,-0.000001,-0.000004,1,2.906460,0.188845,0.099230,1,-0.000004,-0.000004,1.000000,0.000021,1.000000,0.000004,-1.000000,0.000021,-0.000004,1,2.906459,0.188845,-0.178685,1,0.000004,0.000004,1.000000,-0.000003,-1.000000,0.000004,1.000000,-0.000003,-0.000004,1,2.653798,0.372687,0.217361,1,0.000004,0.000004,1.000000,0.000021,-1.000000,0.000004,1.000000,0.000021,-0.000004,1,2.653797,0.372687,-0.060554,1,-0.992753,-0.101428,0.064445,0.043491,0.196677,0.979503,-0.112024,0.975208,-0.190840,1,2.767642,0.360420,-0.269688,1,-0.998578,-0.046742,0.025644,0.032740,-0.158010,0.986895,-0.042077,0.986331,0.159315,1,2.810736,0.276857,-0.684026,1,-0.917373,0.058741,0.393670,0.397814,0.167756,0.901999,-0.013056,0.984077,-0.177263,1,2.619294,0.468361,-0.200328,1,-0.920002,0.025282,0.391098,0.380339,-0.183143,0.906532,0.094546,0.982761,0.158876,1,2.594333,0.397075,-0.618497,1,2.906458,0.188850,-0.456599,1,2.653796,0.372682,-0.338468,1,2.829827,0.341395,-1.086886,1,2.584001,0.471914,-1.020089,1
24,0.733636,0.215979,-0.644307,-0.560759,-0.343138,-0.753529,-0.383832,0.914117,-0.130626,1,2.827168,0.209366,0.355034,1,0.733636,0.215979,-0.644307,-0.560759,-0.343138,-0.753529,-0.383832,0.914117,-0.130626,1,2.780925,0.282834,0.159316,1,0.734707,0.227225,-0.639199,-0.562368,-0.322968,-0.761206,-0.379405,0.918728,-0.109503,1,2.732716,0.351355,-0.035602,1,-0.000004,-0.000004,1.000000,-0.000001,1.000000,0.000004,-1.000000,-0.000001,-0.000004,1,2.903641,0.188904,0.095945,1,-0.000004,-0.000004,1.000000,0.000021,1.000000,0.000004,-1.000000,0.000021,-0.000004,1,2.903640,0.188904,-0.181970,1,0.000004,0.000004,1.000000,-0.000003,-1.000000,0.000004,1.000000,-0.000003,-0.000004,1,2.658208,0.376763,0.222686,1,0.000004,0.000004,1.000000,0.000021,-1.000000,0.000004,1.000000,0.000021,-0.000004,1,2.658207,0.376764,-0.055228,1,-0.985847,-0.149779,0.075311,0.045975,0.190460,0.980618,-0.161220,0.970202,-0.180878,1,2.756540,0.364740,-0.267718,1,-0.999641,-0.012020,0.023939,0.025360,-0.136840,0.990268,-0.008627,0.990520,0.137096,1,2.820167,0.283832,-0.679866,1,-0.913961,0.030899,0.404624,0.403211,0.181644,0.896898,-0.045784,0.982879,-0.178474,1,2.612474,0.475012,-0.193322,1,-0.918974,0.032723,0.392957,0.381805,-0.175211,0.907484,0.098546,0.983987,0.148521,1,2.599343,0.397820,-0.611010,1,2.903639,0.188909,-0.459884,1,2.658206,0.376759,-0.333143,1,2.825077,0.339720,-1.084413,1,2.585971,0.469418,-1.013108,1
25,0.723708,0.199543,-0.660628,-0.571421,-0.363481,-0.735772,-0.386943,0.909981,-0.149031,1,2.821051,0.210773,0.347614,1,0.723708,0.199543,-0.660628,-0.571421,-0.363481,-0.735772,-0.386943,0.909981,-0.149031,1,2.778751,0.287824,0.154715,1,0.722948,0.228220,-0.652121,-0.570178,-0.335966,-0.749682,-0.390183,0.913807,-0.112760,1,2.730332,0.359102,-0.039157,1,-0.000004,-0.000004,1.000000,-0.000001,1.000000,0.000004,-1.000000,-0.000001,-0.000004,1,2.899504,0.192589,0.089544,1,-0.000004,-0.000004,1.000000,0.000021,1.000000,0.000004,-1.000000,0.000021,-0.000004,1,2.899503,0.192589,-0.188371,1,0.000004,0.000004,1.000000,-0.000003,-1.000000,0.000004,1.000000,-0.000003,-0.000004,1,2.657998,0.383058,0.219886,1,0.000004,0.000004,1.000000,0.000021,-1.000000,0.000004,1.000000,0.000021,-0.000004,1,2.657997,0.383059,-0.058029,1,-0.982242,-0.163359,0.092270,0.058395,0.201178,0.977813,-0.178298,0.965837,-0.188066,1,2.752746,0.374515,-0.271259,1,-0.999255,-0.017578,0.034350,0.036414,-0.135090,0.990164,-0.012764,0.990677,0.135629,1,2.822145,0.289050,-0.681571,1,-0.908519,0.024110,0.417148,0.413240,0.199637,0.888469,-0.061857,0.979573,-0.191337,1,2.611078,0.486245,-0.194800,1,-0.914995,0.038150,0.401657,0.389807,-0.173243,0.904454,0.104089,0.984140,0.143645,1,2.600831,0.401399,-0.611123,1,2.899501,0.192595,-0.466285,1,2.657996,0.383054,-0.335943,1,2.829328,0.344251,-1.086385,1,2.585244,0.472185,-1.013240,1
26,0.714201,0.207439,-0.668495,-0.576277,-0.367805,-0.729811,-0.397267,0.906470,-0.143145,1,2.821787,0.209460,0.347814,1,0.714201,0.207439,-0.668495,-0.576277,-0.367805,-0.729811,-0.397267,0.906470,-0.143145,1,2.777620,0.287771,0.154815,1,0.714119,0.230971,-0.660822,-0.576145,-0.342258,-0.742238,-0.397607,0.910776,-0.111340,1,2.728618,0.360383,-0.038412,1,-0.000004,-0.000004,1.000000,-0.000001,1.000000,0.000004,-1.000000,-0.000001,-0.000004,1,2.896898,0.191540,0.088404,1,-0.000004,-0.000004,1.000000,0.000021,1.000000,0.000004,-1.000000,0.000021,-0.000004,1,2.896897,0.191540,-0.189511,1,0.000004,0.000004,1.000000,-0.000003,-1.000000,0.000004,1.000000,-0.000003,-0.000004,1,2.658342,0.384002,0.221226,1,0.000004,0.000004,1.000000,0.000021,-1.000000,0.000004,1.000000,0.000021,-0.000004,1,2.658341,0.384003,-0.056689,1,-0.980270,-0.165968,0.107353,0.065496,0.239694,0.968637,-0.186494,0.956557,-0.224095,1,2.749622,0.376515,-0.270617,1,-0.999185,0.010779,0.038889,0.036935,-0.143985,0.988890,0.016258,0.989521,0.143470,1,2.820136,0.274677,-0.677028,1,-0.905174,0.021870,0.424478,0.418666,0.218203,0.881536,-0.073344,0.975658,-0.206668,1,2.609608,0.489476,-0.192661,1,-0.913327,0.040128,0.405244,0.392315,-0.180120,0.902023,0.109189,0.982826,0.148766,1,2.600314,0.396743,-0.607298,1,2.896896,0.191545,-0.467425,1,2.658340,0.383998,-0.334603,1,2.815733,0.333492,-1.081228,1,2.583917,0.470342,-1.008890,1
27,0.717871,0.199029,-0.667120,-0.572051,-0.377488,-0.728190,-0.396761,0.904373,-0.157133,1,2.822504,0.206114,0.351565,1,0.717871,0.199029,-0.667120,-0.572051,-0.377488,-0.728190,-0.396761,0.904373,-0.157133,1,2.780092,0.286553,0.158851,1,0.717279,0.229853,-0.657783,-0.571051,-0.347015,-0.743963,-0.399263,0.909257,-0.117649,1,2.731327,0.360174,-0.034052,1,-0.000004,-0.000004,1.000000,-0.000001,1.000000,0.000004,-1.000000,-0.000001,-0.000004,1,2.899898,0.191173,0.092163,1,-0.000004,-0.000004,1.000000,0.000021,1.000000,0.000004,-1.000000,0.000021,-0.000004,1,2.899897,0.191173,-0.185752,1,0.000004,0.000004,1.000000,-0.000003,-1.000000,0.000004,1.000000,-0.000003,-0.000004,1,2.660286,0.381934,0.225539,1,0.000004,0.000004,1.000000,0.000021,-1.000000,0.000004,1.000000,0.000021,-0.000004,1,2.660285,0.381935,-0.052376,1,-0.983678,-0.148564,0.101519,0.068098,0.214858,0.974268,-0.166553,0.965280,-0.201234,1,2.752811,0.377868,-0.266058,1,-0.997432,-0.056317,0.044252,0.051845,-0.141423,0.988591,-0.049416,0.988346,0.143979,1,2.815935,0.286576,-0.676201,1,-0.896674,0.022147,0.442138,0.434441,0.235951,0.869246,-0.085072,0.971512,-0.221193,1,2.610133,0.489232,-0.190318,1,-0.908027,0.042315,0.416769,0.400437,-0.204516,0.893210,0.123032,0.977948,0.168761,1,2.600721,0.388955,-0.603200,1,2.899896,0.191178,-0.463666,1,2.660284,0.381929,-0.330290,1,2.819290,0.333642,-1.081431,1,2.583433,0.472510,-1.002742,1
