0,0.302913,-0.952147,-0.040748,-0.168696,-0.095652,0.981016,-0.937969,-0.290288,-0.189598,1,-1.178513,-0.151592,1.373267,1,0.302913,-0.952147,-0.040748,-0.168696,-0.095652,0.981016,-0.937969,-0.290288,-0.189598,1,-1.178512,0.082179,1.373267,1,0.300661,-0.953390,-0.025493,-0.122272,-0.065041,0.990363,-0.945861,-0.294647,-0.136129,1,-1.177675,0.266802,1.376197,1,-0.000004,-0.000001,-1.000000,-0.000004,1.000000,-0.000001,1.000000,0.000004,-0.000004,1,0.127289,0.881750,-1.711317,1,-0.000004,0.000018,-1.000000,-0.000004,1.000000,0.000018,1.000000,0.000004,-0.000004,1,-0.191842,0.881754,-1.711317,1,0.213613,-0.224114,0.950864,0.304931,-0.909404,-0.282845,0.928109,0.350368,-0.125921,1,-0.595804,-0.951070,-1.281379,1,0.098647,-0.025221,0.994803,0.336471,-0.939955,-0.057196,0.936513,0.340364,-0.084237,1,0.003797,-0.976164,-1.292062,1,0.151831,0.986007,0.068827,0.441863,-0.129999,0.887613,0.884141,-0.104355,-0.455418,1,0.546120,-0.569635,-1.793227,1,0.143472,0.989594,-0.010969,0.109676,-0.004884,0.993955,0.983558,-0.143808,-0.109235,1,0.501403,0.577825,-1.714887,1,0.367268,0.897020,-0.245906,0.609574,-0.032444,0.792065,0.702519,-0.440799,-0.558716,1,-0.191477,-0.772179,-1.623362,1,0.367278,0.897019,-0.245895,0.609550,-0.032447,0.792083,0.702535,-0.440800,-0.558695,1,-0.191482,-0.316326,-1.623370,1,0.881745,0.511006,-1.711317,1,0.469745,0.481774,-1.507038,1,0.737830,1.194199,-1.503047,1,0.539889,1.050052,-1.136924,1
1,0.344993,-0.938457,-0.016696,-0.157834,-0.075539,0.984572,-0.925240,-0.337035,-0.174181,1,-1.243929,-0.156058,1.315094,1,0.344993,-0.938457,-0.016696,-0.157834,-0.075539,0.984572,-0.925240,-0.337035,-0.174181,1,-1.243928,0.077620,1.315094,1,0.342609,-0.939477,0.001243,-0.104991,-0.036973,0.993786,-0.933593,-0.340611,-0.111304,1,-1.243075,0.257482,1.318085,1,-0.000004,-0.000001,-1.000000,-0.000004,1.000000,-0.000001,1.000000,0.000004,-0.000004,1,0.132094,0.881986,-1.717869,1,-0.000004,0.000018,-1.000000,-0.000004,1.000000,0.000018,1.000000,0.000004,-0.000004,1,-0.191842,0.881754,-1.711317,1,0.213613,-0.224114,0.950864,0.304931,-0.909404,-0.282845,0.928109,0.350368,-0.125921,1,-0.595804,-0.951070,-1.281379,1,0.098647,-0.025221,0.994803,0.336471,-0.939955,-0.057196,0.936513,0.340364,-0.084237,1,0.003797,-0.976164,-1.292062,1,0.151831,0.986007,0.068827,0.441863,-0.129999,0.887613,0.884141,-0.104355,-0.455418,1,0.546120,-0.569635,-1.793227,1,0.143472,0.989594,-0.010969,0.109676,-0.004884,0.993955,0.983558,-0.143808,-0.109235,1,0.501403,0.577825,-1.714887,1,0.367268,0.897020,-0.245906,0.609574,-0.032444,0.792065,0.702519,-0.440799,-0.558716,1,-0.191477,-0.772179,-1.623362,1,0.367278,0.897019,-0.245895,0.609550,-0.032447,0.792083,0.702535,-0.440800,-0.558695,1,-0.191482,-0.316326,-1.623370,1,0.881745,0.511006,-1.711317,1,0.469745,0.481774,-1.507038,1,0.737830,1.194199,-1.503047,1,0.539889,1.050052,-1.136924,1
2,0.309458,-0.948020,-0.074123,-0.076794,-0.102610,0.991753,-0.947807,-0.301214,-0.104556,1,-1.161471,-0.319928,1.360054,1,0.309458,-0.948020,-0.074123,-0.076794,-0.102610,0.991753,-0.947807,-0.301214,-0.104556,1,-1.161470,-0.086355,1.360055,1,0.308172,-0.949934,-0.051528,-0.036421,-0.065906,0.997161,-0.950633,-0.305420,-0.054908,1,-1.163901,0.113216,1.354711,1,-0.000004,-0.000001,-1.000000,-0.000004,1.000000,-0.000001,1.000000,0.000004,-0.000004,1,0.132785,0.865714,-1.695523,1,-0.000004,0.000018,-1.000000,-0.000004,1.000000,0.000018,1.000000,0.000004,-0.000004,1,-0.186346,0.865717,-1.695523,1,0.360847,-0.104129,0.926794,0.319829,-0.919670,-0.227853,0.876070,0.378636,-0.298556,1,-0.768486,-0.965517,-1.143854,1,0.234540,0.069070,0.969650,0.377487,-0.925667,-0.025370,0.895821,0.371980,-0.243179,1,-0.156304,-1.021113,-1.167412,1,0.045001,0.984714,-0.168268,0.219096,0.154609,0.963376,0.974665,-0.080219,-0.208789,1,0.628428,0.080491,-1.784909,1,0.043856,0.983793,-0.173861,0.197640,0.162045,0.966788,0.979293,-0.076761,-0.187330,1,0.625104,0.577444,-1.772594,1,0.391134,0.894538,-0.216372,0.678426,-0.121380,0.724572,0.621894,-0.430197,-0.654354,1,-0.204379,-0.929503,-1.470531,1,0.391134,0.894538,-0.216371,0.678425,-0.121380,0.724573,0.621895,-0.430197,-0.654353,1,-0.204379,-0.472726,-1.470531,1,0.865709,0.505510,-1.695523,1,0.522028,0.465139,-1.393672,1,0.915389,1.203875,-1.508032,1,0.453956,0.981635,-1.017705,1
3,0.236141,-0.964579,-0.117579,-0.022216,-0.126328,0.991740,-0.971465,-0.231578,-0.051260,1,-1.018317,-0.429766,1.431435,1,0.236141,-0.964579,-0.117579,-0.022216,-0.126328,0.991740,-0.971465,-0.231578,-0.051260,1,-1.018317,-0.195063,1.431436,1,0.236124,-0.966841,-0.097285,0.020563,-0.095122,0.995253,-0.971505,-0.237004,-0.002579,1,-1.022801,-0.003144,1.420677,1,-0.000004,-0.000001,-1.000000,-0.000004,1.000000,-0.000001,1.000000,0.000004,-0.000004,1,0.130156,0.843796,-1.667842,1,-0.000004,0.000018,-1.000000,-0.000004,1.000000,0.000018,1.000000,0.000004,-0.000004,1,-0.188976,0.843800,-1.667842,1,0.451664,0.024668,0.891847,0.307074,-0.942843,-0.129435,0.837678,0.332324,-0.433423,1,-0.849950,-0.943693,-1.088633,1,0.344511,0.226643,0.911013,0.395163,-0.915271,0.078266,0.851562,0.333035,-0.404882,1,-0.241391,-1.024784,-1.103904,1,0.044880,0.982611,-0.180170,0.169868,0.170219,0.970655,0.984444,-0.074169,-0.159275,1,0.588919,0.179677,-1.726954,1,0.054435,0.993181,-0.103094,0.067938,0.099324,0.992733,0.996203,-0.061043,-0.062068,1,0.643398,0.757938,-1.657958,1,0.249486,0.921227,-0.298494,0.456799,0.159836,0.875092,0.853868,-0.354675,-0.380939,1,-0.012154,-0.361649,-1.665662,1,0.339958,0.911079,-0.233160,0.506745,0.031392,0.861524,0.792236,-0.411035,-0.451013,1,-0.095850,-0.057754,-1.664799,1,0.843791,0.508139,-1.667842,1,0.587641,0.436359,-1.318672,1,0.859278,1.226507,-1.535208,1,0.608990,1.103116,-1.157439,1
4,0.225490,-0.970132,-0.089438,0.009727,-0.089556,0.995934,-0.974197,-0.225443,-0.010758,1,-0.996469,-0.461650,1.430082,1,0.225490,-0.970132,-0.089438,0.009727,-0.089556,0.995934,-0.974197,-0.225443,-0.010758,1,-0.996468,-0.225692,1.430082,1,0.226202,-0.971879,-0.065446,0.049462,-0.055640,0.997225,-0.972824,-0.228812,0.035485,1,-1.002406,-0.026704,1.418635,1,-0.000004,-0.000001,-1.000000,-0.000004,1.000000,-0.000001,1.000000,0.000004,-0.000004,1,0.139635,0.833903,-1.659488,1,-0.000004,0.000018,-1.000000,-0.000004,1.000000,0.000018,1.000000,0.000004,-0.000004,1,-0.179497,0.833906,-1.659488,1,0.497986,0.082881,0.863215,0.305075,-0.948534,-0.084924,0.811750,0.305637,-0.497642,1,-0.886328,-0.938072,-1.050923,1,0.405553,0.356113,0.841849,0.439110,-0.883659,0.162262,0.801691,0.303859,-0.514743,1,-0.275593,-1.060868,-1.039900,1,0.026857,0.995424,-0.091704,0.086309,0.089085,0.992277,0.995906,-0.034565,-0.083522,1,0.667779,0.260820,-1.668626,1,0.040393,0.996374,-0.074887,0.049015,0.072882,0.996135,0.997981,-0.043907,-0.045894,1,0.660444,0.769241,-1.649435,1,0.147688,0.978886,-0.141319,0.234506,0.104153,0.966519,0.960830,-0.175884,-0.214173,1,0.240969,-0.001657,-1.671788,1,0.264584,0.951898,-0.154551,0.377024,0.045404,0.925090,0.887608,-0.303033,-0.346875,1,0.044174,0.183223,-1.739739,1,0.833897,0.498660,-1.659488,1,0.636456,0.398570,-1.282447,1,0.818661,1.231508,-1.560123,1,0.597582,1.173834,-1.297283,1
5,0.299448,-0.952402,-0.057108,0.001666,-0.059333,0.998237,-0.954111,-0.299016,-0.016180,1,-1.096549,-0.427420,1.362453,1,0.299448,-0.952402,-0.057108,0.001666,-0.059333,0.998237,-0.954111,-0.299016,-0.016180,1,-1.096548,-0.191903,1.362453,1,0.300178,-0.953048,-0.039898,0.082855,-0.015618,0.996439,-0.950278,-0.302415,0.074277,1,-1.100754,-0.054448,1.340349,1,-0.000004,-0.000001,-1.000000,-0.000004,1.000000,-0.000001,1.000000,0.000004,-0.000004,1,0.144042,0.814358,-1.680892,1,-0.000004,0.000018,-1.000000,-0.000004,1.000000,0.000018,1.000000,0.000004,-0.000004,1,-0.175090,0.814361,-1.680892,1,0.506864,0.132925,0.851716,0.369037,-0.926380,-0.075040,0.779038,0.352350,-0.518603,1,-0.869386,-1.016703,-0.976158,1,0.416123,0.398843,0.817170,0.504046,-0.849143,0.157776,0.756822,0.346237,-0.554383,1,-0.272159,-1.136564,-0.952640,1,0.245270,0.937525,-0.246760,0.374763,0.143056,0.916017,0.894089,-0.317148,-0.316262,1,0.219586,-0.195246,-1.792447,1,0.291593,0.901671,-0.319317,0.472199,0.154625,0.867825,0.831866,-0.403833,-0.380680,1,0.068570,0.095642,-1.821226,1,0.245270,0.937525,-0.246760,0.374763,0.143056,0.916017,0.894089,-0.317148,-0.316262,1,0.040091,-0.208629,-1.663205,1,0.291593,0.901671,-0.319317,0.472199,0.154625,0.867825,0.831866,-0.403833,-0.380680,1,-0.099631,0.086722,-1.677246,1,0.814352,0.494253,-1.680892,1,0.653913,0.386996,-1.274409,1,0.880236,1.136864,-1.241759,1,0.669051,1.128022,-1.175245,1
6,0.285986,-0.956910,-0.050359,0.062671,-0.033763,0.997463,-0.956182,-0.288417,0.050314,1,-1.073771,-0.515634,1.356340,1,0.285986,-0.956910,-0.050359,0.062671,-0.033763,0.997463,-0.956182,-0.288417,0.050314,1,-1.073770,-0.282011,1.356340,1,0.286814,-0.957111,-0.040952,0.112533,-0.008791,0.993609,-0.951354,-0.289589,0.105186,1,-1.076737,-0.105100,1.339029,1,-0.000004,-0.000001,-1.000000,-0.000004,1.000000,-0.000001,1.000000,0.000004,-0.000004,1,0.151846,0.812640,-1.671645,1,-0.000004,0.000018,-1.000000,-0.000004,1.000000,0.000018,1.000000,0.000004,-0.000004,1,-0.167287,0.812643,-1.671645,1,0.477450,0.127094,0.869419,0.362927,-0.929658,-0.063405,0.800203,0.345808,-0.489991,1,-0.833941,-1.005207,-1.010618,1,0.371532,0.380341,0.846938,0.482353,-0.858532,0.173951,0.793284,0.343895,-0.502431,1,-0.210155,-1.104177,-1.003553,1,0.009855,0.992484,-0.121980,0.082134,0.120770,0.989277,0.996573,-0.019768,-0.080326,1,0.686840,0.280029,-1.634617,1,0.012370,0.997717,-0.066394,0.030296,0.065995,0.997360,0.999464,-0.014349,-0.029411,1,0.730403,0.782390,-1.595130,1,0.139096,0.983360,-0.116855,0.190458,0.089234,0.977631,0.971791,-0.158240,-0.174877,1,0.276009,0.063710,-1.632155,1,0.231655,0.946891,-0.223011,0.345997,0.134058,0.928609,0.909188,-0.292278,-0.296566,1,0.039815,0.285952,-1.711755,1,0.812635,0.486449,-1.671645,1,0.644506,0.404878,-1.288022,1,0.832348,1.218284,-1.548186,1,0.635428,1.173549,-1.295663,1
7,0.267620,-0.963150,-0.026850,0.052940,-0.013126,0.998511,-0.962069,-0.268643,0.047477,1,-1.040436,-0.480605,1.373563,1,0.267620,-0.963150,-0.026850,0.052940,-0.013126,0.998511,-0.962069,-0.268643,0.047477,1,-1.040435,-0.245715,1.373564,1,0.267849,-0.963163,-0.023963,0.105085,0.004482,0.994453,-0.957713,-0.268881,0.102414,1,-1.041251,-0.076960,1.358024,1,-0.000004,-0.000001,-1.000000,-0.000004,1.000000,-0.000001,1.000000,0.000004,-0.000004,1,0.148029,0.804209,-1.659594,1,-0.000004,0.000018,-1.000000,-0.000004,1.000000,0.000018,1.000000,0.000004,-0.000004,1,-0.171103,0.804212,-1.659594,1,0.460386,0.105265,0.881456,0.335580,-0.939901,-0.063029,0.821846,0.324816,-0.468042,1,-0.809600,-0.956028,-1.061849,1,0.307375,0.243761,0.919838,0.399205,-0.910492,0.107885,0.863803,0.334043,-0.377173,1,-0.176403,-1.005991,-1.103099,1,0.006301,0.998027,-0.062469,0.041940,0.062151,0.997185,0.999100,-0.008903,-0.041466,1,0.713291,0.308490,-1.610867,1,0.009217,0.998786,-0.048383,0.022009,0.048170,0.998597,0.999715,-0.010268,-0.021538,1,0.720389,0.789247,-1.597195,1,0.091849,0.993162,-0.072065,0.120893,0.060714,0.990807,0.988407,-0.099717,-0.114490,1,0.368822,0.175085,-1.606548,1,0.194896,0.964935,-0.175830,0.279889,0.117099,0.952864,0.940041,-0.234922,-0.247253,1,0.119104,0.401352,-1.715801,1,0.804203,0.490266,-1.659594,1,0.581929,0.437552,-1.311005,1,0.809682,1.230893,-1.559323,1,0.616617,1.205659,-1.354029,1
8,0.262032,-0.964536,-0.031772,0.009083,-0.030456,0.999495,-0.965017,-0.262188,0.000781,1,-1.026572,-0.431434,1.393040,1,0.262032,-0.964536,-0.031772,0.009083,-0.030456,0.999495,-0.965017,-0.262188,0.000781,1,-1.026571,-0.194549,1.393040,1,0.262557,-0.964705,-0.020214,0.081544,0.001309,0.996669,-0.961465,-0.263331,0.079010,1,-1.029383,-0.050035,1.374007,1,-0.000004,-0.000001,-1.000000,-0.000004,1.000000,-0.000001,1.000000,0.000004,-0.000004,1,0.157229,0.798966,-1.660815,1,-0.000004,0.000018,-1.000000,-0.000004,1.000000,0.000018,1.000000,0.000004,-0.000004,1,-0.161904,0.798969,-1.660815,1,0.430264,0.019486,0.902493,0.299828,-0.946094,-0.122516,0.851455,0.323307,-0.412913,1,-0.814456,-0.888199,-1.118765,1,0.229189,0.070166,0.970850,0.329287,-0.944182,-0.009497,0.915992,0.321865,-0.239501,1,-0.145370,-0.912002,-1.184778,1,0.019668,0.991167,-0.131150,0.093859,0.128766,0.987223,0.995391,-0.031726,-0.090497,1,0.658188,0.262337,-1.650054,1,0.021409,0.989050,-0.146020,0.104429,0.143042,0.984192,0.994302,-0.036319,-0.100223,1,0.642253,0.713985,-1.659556,1,0.019668,0.991167,-0.131150,0.093859,0.128766,0.987223,0.995391,-0.031726,-0.090497,1,0.447766,0.235815,-1.584872,1,0.021409,0.989050,-0.146020,0.104429,0.143042,0.984192,0.994302,-0.036319,-0.100223,1,0.432452,0.685036,-1.593411,1,0.798961,0.481066,-1.660815,1,0.491840,0.459523,-1.346108,1,0.860669,1.208979,-1.515768,1,0.646622,1.204494,-1.457515,1
9,0.243516,-0.964770,-0.099595,0.019493,-0.097797,0.995015,-0.969701,-0.244243,-0.005009,1,-0.972301,-0.489617,1.419974,1,0.243516,-0.964770,-0.099595,0.019493,-0.097797,0.995015,-0.969701,-0.244243,-0.005009,1,-0.972300,-0.255358,1.419975,1,0.243771,-0.965166,-0.095029,0.091525,-0.074653,0.993001,-0.965505,-0.250762,0.070138,1,-0.973707,-0.116429,1.396814,1,-0.000004,-0.000001,-1.000000,-0.000004,1.000000,-0.000001,1.000000,0.000004,-0.000004,1,0.147830,0.784161,-1.661114,1,-0.000004,0.000018,-1.000000,-0.000004,1.000000,0.000018,1.000000,0.000004,-0.000004,1,-0.171303,0.784164,-1.661114,1,0.394156,-0.051606,0.917594,0.288919,-0.940845,-0.177020,0.872449,0.334884,-0.355930,1,-0.810424,-0.845125,-1.160726,1,0.214913,-0.034017,0.976041,0.307230,-0.946300,-0.100629,0.927050,0.321495,-0.192921,1,-0.181578,-0.862677,-1.221235,1,0.023797,0.920390,-0.390277,0.156758,0.382123,0.910719,0.987350,-0.082851,-0.135185,1,0.467500,0.307128,-1.682112,1,0.023814,0.920433,-0.390174,0.156672,0.382026,0.910774,0.987363,-0.082819,-0.135109,1,0.467586,0.761939,-1.682049,1,0.023797,0.920390,-0.390277,0.156758,0.382123,0.910719,0.987350,-0.082851,-0.135185,1,0.280428,0.214825,-1.608321,1,0.023814,0.920433,-0.390174,0.156672,0.382026,0.910774,0.987363,-0.082819,-0.135109,1,0.280504,0.674046,-1.608264,1,0.784155,0.490465,-1.661114,1,0.419103,0.455315,-1.367922,1,1.027523,1.136311,-1.461898,1,0.817251,1.123131,-1.406611,1
10,0.228854,-0.965783,-0.122017,-0.012246,-0.128190,0.991674,-0.973384,-0.225454,-0.041163,1,-0.939541,-0.455569,1.444630,1,0.228854,-0.965783,-0.122017,-0.012246,-0.128190,0.991674,-0.973384,-0.225454,-0.041163,1,-0.939540,-0.217841,1.444630,1,0.229274,-0.967353,-0.107990,0.071768,-0.093843,0.992997,-0.970712,-0.235419,0.047909,1,-0.943433,-0.092079,1.419905,1,-0.000004,-0.000001,-1.000000,-0.000004,1.000000,-0.000001,1.000000,0.000004,-0.000004,1,0.142078,0.777841,-1.658393,1,-0.000004,0.000018,-1.000000,-0.000004,1.000000,0.000018,1.000000,0.000004,-0.000004,1,-0.177055,0.777844,-1.658393,1,0.362514,-0.107608,0.925745,0.266340,-0.939925,-0.213553,0.893111,0.323979,-0.312075,1,-0.786079,-0.796988,-1.210855,1,0.254315,-0.102979,0.961623,0.277226,-0.944826,-0.174497,0.926536,0.310964,-0.211735,1,-0.262666,-0.808753,-1.249156,1,0.052333,0.942740,-0.329397,0.087316,0.324266,0.941927,0.994805,-0.078056,-0.065347,1,0.440923,0.388162,-1.675182,1,0.058285,0.997248,-0.045814,0.012542,0.045157,0.998901,0.998221,-0.058796,-0.009876,1,0.692520,0.778865,-1.622442,1,0.258051,0.880728,-0.397151,0.327497,0.306995,0.893588,0.908931,-0.360657,-0.209215,1,-0.114578,-0.096529,-1.647649,1,0.278457,0.850136,-0.446912,0.371781,0.333632,0.866296,0.885574,-0.407380,-0.223162,1,-0.197356,0.296832,-1.652963,1,0.777835,0.496217,-1.658393,1,0.369846,0.460213,-1.367155,1,0.841084,1.202525,-1.563898,1,0.751676,1.096004,-1.244573,1
11,0.259593,-0.960753,-0.097805,-0.055135,-0.115856,0.991735,-0.964143,-0.252055,-0.083047,1,-0.996333,-0.380501,1.421113,1,0.259593,-0.960753,-0.097805,-0.055135,-0.115856,0.991735,-0.964143,-0.252055,-0.083047,1,-0.996333,-0.143115,1.421113,1,0.259512,-0.962285,-0.081611,0.045223,-0.072305,0.996357,-0.964680,-0.262258,0.024754,1,-0.999777,-0.038729,1.398185,1,-0.000004,-0.000001,-1.000000,-0.000004,1.000000,-0.000001,1.000000,0.000004,-0.000004,1,0.148310,0.783038,-1.666052,1,-0.000004,0.000018,-1.000000,-0.000004,1.000000,0.000018,1.000000,0.000004,-0.000004,1,-0.170823,0.783042,-1.666052,1,0.362830,-0.159530,0.918098,0.208004,-0.946514,-0.246670,0.908344,0.280468,-0.310241,1,-0.804643,-0.708470,-1.255955,1,0.268674,-0.122326,0.955432,0.225872,-0.956246,-0.185947,0.936374,0.265764,-0.229288,1,-0.290762,-0.728861,-1.289920,1,0.099987,0.940809,-0.323853,0.156778,0.306522,0.938864,0.982560,-0.144647,-0.116850,1,0.379156,0.267169,-1.716181,1,0.106167,0.994282,-0.011463,0.003112,0.011196,0.999932,0.994343,-0.106195,-0.001906,1,0.651227,0.764068,-1.615126,1,0.267042,0.760943,-0.591316,0.227496,0.546478,0.805982,0.936448,-0.349753,-0.027179,1,-0.238313,0.155905,-1.641769,1,0.267042,0.760943,-0.591316,0.227496,0.546478,0.805982,0.936448,-0.349753,-0.027178,1,-0.238313,0.612170,-1.641769,1,0.787426,0.492327,-1.646820,1,0.350852,0.457127,-1.365211,1,0.832516,1.200304,-1.533103,1,0.966755,1.031927,-1.362168,1
12,0.309457,-0.944623,-0.109194,-0.059839,-0.133948,0.989180,-0.949029,-0.299575,-0.097977,1,-1.069618,-0.384989,1.377942,1,0.309457,-0.944623,-0.109194,-0.059839,-0.133948,0.989180,-0.949029,-0.299575,-0.097977,1,-1.069617,-0.148391,1.377943,1,0.309403,-0.946396,-0.092755,0.053346,-0.080114,0.995357,-0.949433,-0.312915,0.025699,1,-1.073336,-0.059610,1.349960,1,-0.000004,-0.000001,-1.000000,-0.000004,1.000000,-0.000001,1.000000,0.000004,-0.000004,1,0.148837,0.782387,-1.683739,1,-0.000004,0.000018,-1.000000,-0.000004,1.000000,0.000018,1.000000,0.000004,-0.000004,1,-0.170296,0.782391,-1.683739,1,0.354889,-0.186777,0.916061,0.306067,-0.902634,-0.302612,0.883389,0.387770,-0.263168,1,-0.809754,-0.836001,-1.168985,1,0.296313,-0.138946,0.944930,0.327688,-0.914517,-0.237231,0.897117,0.379937,-0.225453,1,-0.343892,-0.862291,-1.186347,1,-0.021843,0.940895,-0.337994,0.272875,0.330849,0.903370,0.961801,-0.072498,-0.263974,1,0.566997,0.072024,-1.710204,1,-0.024213,0.999707,0.000472,-0.001672,-0.000513,0.999998,0.999705,0.024212,0.001684,1,0.869922,0.741727,-1.490460,1,0.231938,0.871790,-0.431494,0.209442,0.388429,0.897361,0.949915,-0.298505,-0.092498,1,-0.089540,0.129725,-1.663187,1,0.261951,0.953122,-0.151459,0.061221,0.140212,0.988227,0.963137,-0.268139,-0.021622,1,0.120626,0.712688,-1.611977,1,0.782382,0.489458,-1.683739,1,0.341719,0.445693,-1.355111,1,0.832978,1.180329,-1.513064,1,0.708931,1.156398,-1.450347,1
13,0.330498,-0.936140,-0.120056,-0.026559,-0.136378,0.990301,-0.943433,-0.324104,-0.069936,1,-1.103962,-0.447705,1.352730,1,0.330498,-0.936140,-0.120056,-0.026559,-0.136378,0.990301,-0.943433,-0.324104,-0.069936,1,-1.103961,-0.212610,1.352730,1,0.330785,-0.937517,-0.107905,0.073443,-0.088420,0.993372,-0.940844,-0.336518,0.039606,1,-1.107387,-0.105721,1.321841,1,-0.000004,-0.000001,-1.000000,-0.000004,1.000000,-0.000001,1.000000,0.000004,-0.000004,1,0.153811,0.787455,-1.693074,1,-0.000004,0.000018,-1.000000,-0.000004,1.000000,0.000018,1.000000,0.000004,-0.000004,1,-0.165322,0.787458,-1.693074,1,0.364002,-0.186702,0.912494,0.324550,-0.892876,-0.312154,0.873024,0.409774,-0.264414,1,-0.834980,-0.863583,-1.138060,1,0.331637,-0.099821,0.938111,0.358066,-0.906661,-0.223057,0.872815,0.409880,-0.264940,1,-0.381220,-0.904389,-1.137794,1,-0.026154,0.968592,-0.247275,0.279983,0.244557,0.928332,0.959649,-0.044953,-0.277586,1,0.628626,0.004966,-1.690091,1,-0.027327,0.999627,0.000058,-0.000206,-0.000064,1.000000,0.999627,0.027327,0.000208,1,0.839317,0.744786,-1.485864,1,-0.026154,0.968592,-0.247275,0.279983,0.244557,0.928332,0.959649,-0.044953,-0.277586,1,0.429896,-0.047916,-1.603116,1,-0.027327,0.999627,0.000058,-0.000206,-0.000064,1.000000,0.999627,0.027327,0.000208,1,0.628044,0.720690,-1.417760,1,0.787450,0.484484,-1.693074,1,0.359809,0.445015,-1.337474,1,0.798330,1.185230,-1.508491,1,0.588998,1.161137,-1.434634,1
14,0.242769,-0.960637,-0.135052,0.023014,-0.133475,0.990785,-0.969811,-0.243640,-0.010296,1,-0.969355,-0.527569,1.421501,1,0.242769,-0.960637,-0.135052,0.023014,-0.133475,0.990785,-0.969811,-0.243640,-0.010296,1,-0.969354,-0.291739,1.421502,1,0.243523,-0.962366,-0.120619,0.080511,-0.103876,0.991326,-0.966548,-0.251122,0.052185,1,-0.974147,-0.125510,1.400751,1,-0.000004,-0.000001,-1.000000,-0.000004,1.000000,-0.000001,1.000000,0.000004,-0.000004,1,0.151767,0.791433,-1.663042,1,-0.000004,0.000018,-1.000000,-0.000004,1.000000,0.000018,1.000000,0.000004,-0.000004,1,-0.167366,0.791437,-1.663042,1,0.379812,-0.159276,0.911249,0.283743,-0.917524,-0.278638,0.880473,0.364391,-0.303293,1,-0.847362,-0.814283,-1.164706,1,0.338975,-0.092459,0.936241,0.311875,-0.927844,-0.204547,0.887598,0.361327,-0.285680,1,-0.394959,-0.848621,-1.173743,1,0.025892,0.978983,-0.202292,0.201745,0.193079,0.960218,0.979096,-0.065674,-0.192506,1,0.565058,0.112229,-1.691050,1,0.023798,0.999717,0.000015,-0.000044,-0.000014,1.000000,0.999717,-0.023798,0.000043,1,0.738036,0.759904,-1.543771,1,-0.008566,0.987043,-0.160227,0.181503,0.159106,0.970434,0.983353,-0.020769,-0.180514,1,0.430386,0.076885,-1.593326,1,-0.022136,0.999755,0.000048,-0.000166,-0.000051,1.000000,0.999755,0.022136,0.000167,1,0.575696,0.739031,-1.460694,1,0.791428,0.486528,-1.663042,1,0.370107,0.439853,-1.331472,1,0.774555,1.200553,-1.525824,1,0.543166,1.179518,-1.473279,1
15,0.215206,-0.967104,-0.135630,0.038502,-0.130374,0.990717,-0.975809,-0.218430,0.009178,1,-0.924195,-0.554366,1.437330,1,0.215206,-0.967104,-0.135630,0.038502,-0.130374,0.990717,-0.975809,-0.218430,0.009178,1,-0.924194,-0.318749,1.437331,1,0.215869,-0.968381,-0.125059,0.085825,-0.108765,0.990356,-0.972643,-0.224520,0.059632,1,-0.927930,-0.140560,1.419494,1,-0.000004,-0.000001,-1.000000,-0.000004,1.000000,-0.000001,1.000000,0.000004,-0.000004,1,0.155462,0.790142,-1.651335,1,-0.000004,0.000018,-1.000000,-0.000004,1.000000,0.000018,1.000000,0.000004,-0.000004,1,-0.163671,0.790145,-1.651335,1,0.401097,-0.127911,0.907061,0.246690,-0.938538,-0.241434,0.882193,0.320601,-0.344891,1,-0.870616,-0.765585,-1.176667,1,0.343089,-0.031214,0.938784,0.287320,-0.948055,-0.136526,0.894280,0.316572,-0.316298,1,-0.375676,-0.813283,-1.191696,1,0.061493,0.971639,-0.228334,0.102658,0.221397,0.969765,0.992814,-0.083075,-0.086132,1,0.487210,0.290443,-1.668031,1,0.069341,0.997593,0.000302,0.003041,-0.000514,0.999995,0.997588,-0.069340,-0.003070,1,0.668852,0.754208,-1.601671,1,-0.000714,0.996591,-0.082498,0.093490,0.082203,0.992221,0.995620,-0.007004,-0.093230,1,0.436497,0.175305,-1.572976,1,-0.016139,0.999870,0.000035,-0.000120,-0.000037,1.000000,0.999870,0.016139,0.000121,1,0.522463,0.740289,-1.498760,1,0.790136,0.482833,-1.651335,1,0.395386,0.439773,-1.316994,1,0.777693,1.200025,-1.547797,1,0.498168,1.180831,-1.507141,1
16,0.201119,-0.969984,-0.136682,0.054677,-0.128200,0.990240,-0.978040,-0.206629,0.027253,1,-0.902751,-0.579082,1.444022,1,0.201119,-0.969984,-0.136682,0.054677,-0.128200,0.990240,-0.978040,-0.206629,0.027253,1,-0.902750,-0.343616,1.444023,1,0.201993,-0.971316,-0.125476,0.099760,-0.107045,0.989237,-0.974293,-0.212336,0.075277,1,-0.906976,-0.161949,1.425910,1,-0.000004,-0.000001,-1.000000,-0.000004,1.000000,-0.000001,1.000000,0.000004,-0.000004,1,0.155655,0.790619,-1.647858,1,-0.000004,0.000018,-1.000000,-0.000004,1.000000,0.000018,1.000000,0.000004,-0.000004,1,-0.163478,0.790622,-1.647858,1,0.412894,-0.104511,0.904763,0.241762,-0.945181,-0.219509,0.878106,0.309371,-0.364993,1,-0.878965,-0.764863,-1.172551,1,0.361675,-0.028937,0.931855,0.275488,-0.951568,-0.136472,0.890673,0.306073,-0.336187,1,-0.406066,-0.804760,-1.188076,1,0.075836,0.944394,-0.319951,0.108535,0.311150,0.944143,0.991196,-0.106326,-0.078903,1,0.419139,0.334331,-1.669730,1,0.080104,0.996786,0.000039,0.000425,-0.000073,1.000000,0.996786,-0.080104,-0.000430,1,0.694513,0.746060,-1.598213,1,0.059338,0.964086,-0.258875,0.086781,0.253368,0.963470,0.994459,-0.079636,-0.068630,1,0.280035,0.258287,-1.590017,1,0.067114,0.997745,0.000077,0.000763,-0.000129,1.000000,0.997745,-0.067114,-0.000770,1,0.476293,0.726605,-1.538321,1,0.790614,0.482640,-1.647858,1,0.404450,0.435173,-1.308635,1,0.820224,1.187477,-1.536940,1,0.578317,1.168530,-1.501998,1
17,0.186575,-0.973292,-0.133763,0.077920,-0.121065,0.989582,-0.979346,-0.195054,0.053251,1,-0.880119,-0.610205,1.448407,1,0.186575,-0.973292,-0.133763,0.077920,-0.121065,0.989582,-0.979346,-0.195054,0.053251,1,-0.880118,-0.374838,1.448408,1,0.187691,-0.974565,-0.122453,0.117267,-0.101544,0.987895,-0.975203,-0.199779,0.095226,1,-0.884697,-0.184835,1.431412,1,-0.000004,-0.000001,-1.000000,-0.000004,1.000000,-0.000001,1.000000,0.000004,-0.000004,1,0.154738,0.789341,-1.644615,1,-0.000004,0.000018,-1.000000,-0.000004,1.000000,0.000018,1.000000,0.000004,-0.000004,1,-0.164395,0.789344,-1.644615,1,0.434883,-0.090438,0.895934,0.230565,-0.950594,-0.207871,0.870469,0.296971,-0.392545,1,-0.904303,-0.750471,-1.163623,1,0.358740,-0.022346,0.933170,0.264295,-0.956372,-0.124505,0.895240,0.291297,-0.337183,1,-0.402233,-0.790373,-1.194259,1,0.084316,0.949368,-0.302640,0.114891,0.292434,0.949359,0.989793,-0.114817,-0.084417,1,0.416596,0.315300,-1.664574,1,0.088437,0.996082,0.000004,0.000056,-0.000009,1.000000,0.996082,-0.088437,-0.000057,1,0.675175,0.749548,-1.589465,1,0.084316,0.949368,-0.302640,0.114891,0.292434,0.949359,0.989793,-0.114817,-0.084417,1,0.222703,0.230907,-1.596116,1,0.088437,0.996082,0.000004,0.000056,-0.000009,1.000000,0.996082,-0.088437,-0.000057,1,0.463097,0.722334,-1.528755,1,0.789336,0.483557,-1.644615,1,0.409657,0.432367,-1.304457,1,0.813091,1.190345,-1.523461,1,0.596476,1.163127,-1.481747,1
18,0.112003,-0.981894,-0.152773,0.097736,-0.142110,0.985014,-0.988890,-0.125256,0.080049,1,-0.756097,-0.652123,1.500800,1,0.112003,-0.981894,-0.152773,0.097736,-0.142110,0.985014,-0.988890,-0.125256,0.080049,1,-0.756095,-0.415198,1.500801,1,0.113708,-0.983806,-0.138552,0.138238,-0.122433,0.982802,-0.983850,-0.130905,0.122078,1,-0.762474,-0.226906,1.481941,1,-0.000004,-0.000001,-1.000000,-0.000004,1.000000,-0.000001,1.000000,0.000004,-0.000004,1,0.149190,0.784847,-1.629197,1,-0.000004,0.000018,-1.000000,-0.000004,1.000000,0.000018,1.000000,0.000004,-0.000004,1,-0.169943,0.784850,-1.629197,1,0.461342,-0.062890,0.884991,0.186035,-0.968453,-0.165800,0.867499,0.241130,-0.435088,1,-0.935897,-0.691042,-1.186464,1,0.357593,-0.005307,0.933862,0.233637,-0.967676,-0.094963,0.904180,0.252143,-0.344794,1,-0.387622,-0.747585,-1.224429,1,0.058153,0.979146,-0.194657,0.070770,0.190453,0.979142,0.995796,-0.070716,-0.058218,1,0.504716,0.323761,-1.621332,1,0.071665,0.997429,0.000004,0.000046,-0.000007,1.000000,0.997429,-0.071665,-0.000047,1,0.646370,0.762619,-1.580182,1,0.058153,0.979146,-0.194657,0.070770,0.190453,0.979142,0.995796,-0.070716,-0.058218,1,0.299066,0.255080,-1.573883,1,0.071665,0.997429,0.000004,0.000046,-0.000007,1.000000,0.997429,-0.071665,-0.000047,1,0.431313,0.732643,-1.534220,1,0.784841,0.489105,-1.629197,1,0.414998,0.439564,-1.302291,1,0.757949,1.203399,-1.529742,1,0.540152,1.173420,-1.499313,1
19,0.061560,-0.987069,-0.148003,0.104764,-0.141075,0.984440,-0.992590,-0.076108,0.094724,1,-0.675724,-0.660066,1.533049,1,0.061560,-0.987069,-0.148003,0.104764,-0.141075,0.984440,-0.992590,-0.076108,0.094724,1,-0.675720,-0.422458,1.533050,1,0.063595,-0.989204,-0.132025,0.145854,-0.121660,0.981797,-0.987260,-0.081694,0.136542,1,-0.683017,-0.235185,1.513939,1,-0.000004,-0.000001,-1.000000,-0.000004,1.000000,-0.000001,1.000000,0.000004,-0.000004,1,0.147655,0.782295,-1.618619,1,-0.000004,0.000018,-1.000000,-0.000004,1.000000,0.000018,1.000000,0.000004,-0.000004,1,-0.171478,0.782298,-1.618619,1,0.484146,-0.040081,0.874069,0.152938,-0.979696,-0.129637,0.861517,0.196442,-0.468186,1,-0.959740,-0.647691,-1.198766,1,0.344578,-0.017811,0.938589,0.171961,-0.981705,-0.081760,0.922873,0.189573,-0.335212,1,-0.389581,-0.670089,-1.273664,1,0.025503,0.996490,-0.079731,0.027645,0.079024,0.996489,0.999292,-0.027617,-0.025533,1,0.594049,0.325726,-1.569556,1,0.047041,0.998893,0.000003,0.000032,-0.000004,1.000000,0.998893,-0.047041,-0.000032,1,0.624514,0.774748,-1.562731,1,0.031525,0.994518,-0.099702,0.034861,0.098597,0.994517,0.998895,-0.034828,-0.031561,1,0.362901,0.277324,-1.552591,1,0.052264,0.998633,0.000003,0.000035,-0.000005,1.000000,0.998633,-0.052264,-0.000035,1,0.407817,0.745168,-1.537203,1,0.782290,0.490640,-1.618619,1,0.417424,0.426792,-1.310829,1,0.706920,1.215585,-1.530886,1,0.487600,1.185927,-1.513749,1
20,0.044294,-0.988999,-0.141135,0.117836,-0.135115,0.983798,-0.992045,-0.060207,0.110555,1,-0.652949,-0.673084,1.540688,1,0.044294,-0.988999,-0.141135,0.117836,-0.135115,0.983798,-0.992045,-0.060207,0.110555,1,-0.652945,-0.435868,1.540689,1,0.046900,-0.991368,-0.122436,0.156551,-0.113761,0.981096,-0.986556,-0.065181,0.149865,1,-0.661693,-0.243594,1.522278,1,-0.000004,-0.000001,-1.000000,-0.000004,1.000000,-0.000001,1.000000,0.000004,-0.000004,1,0.144987,0.784669,-1.616878,1,-0.000004,0.000018,-1.000000,-0.000004,1.000000,0.000018,1.000000,0.000004,-0.000004,1,-0.174146,0.784673,-1.616878,1,0.503181,-0.036920,0.863392,0.136269,-0.983198,-0.121460,0.853370,0.178770,-0.489695,1,-0.983603,-0.627059,-1.195461,1,0.330322,-0.014668,0.943754,0.156326,-0.985220,-0.070028,0.930833,0.170666,-0.323147,1,-0.375412,-0.650974,-1.291435,1,0.013332,0.999079,-0.040773,0.013905,0.040587,0.999079,0.999814,-0.013887,-0.013351,1,0.632925,0.325626,-1.551703,1,0.034298,0.999412,0.000002,0.000024,-0.000003,1.000000,0.999412,-0.034298,-0.000024,1,0.632793,0.778894,-1.554702,1,0.217967,0.886403,-0.408387,0.198595,0.369410,0.907798,0.955537,-0.278974,-0.095516,1,-0.056537,0.127686,-1.612788,1,0.258096,0.820370,-0.510273,0.262796,0.448639,0.854202,0.929691,-0.354564,-0.099798,1,-0.227233,0.505363,-1.625299,1,0.784664,0.493308,-1.616878,1,0.421604,0.421065,-1.318518,1,0.685746,1.219637,-1.532056,1,0.814307,1.086286,-1.321050,1
21,0.032443,-0.989535,-0.140602,0.105640,-0.136493,0.984992,-0.993875,-0.046810,0.100106,1,-0.633215,-0.651401,1.549821,1,0.032443,-0.989535,-0.140602,0.105640,-0.136493,0.984992,-0.993875,-0.046810,0.100106,1,-0.633210,-0.414387,1.549823,1,0.035025,-0.992087,-0.120569,0.148114,-0.114158,0.982360,-0.988350,-0.052265,0.142943,1,-0.642189,-0.227434,1.530602,1,-0.000004,-0.000001,-1.000000,-0.000004,1.000000,-0.000001,1.000000,0.000004,-0.000004,1,0.142979,0.783513,-1.610742,1,-0.000004,0.000018,-1.000000,-0.000004,1.000000,0.000018,1.000000,0.000004,-0.000004,1,-0.176154,0.783516,-1.610742,1,0.496230,-0.029843,0.867678,0.130441,-0.985502,-0.108495,0.858336,0.167020,-0.485143,1,-0.966840,-0.619787,-1.209239,1,0.318955,-0.008810,0.947729,0.149299,-0.987005,-0.059421,0.935937,0.160448,-0.313495,1,-0.349750,-0.641686,-1.303010,1,0.006896,0.999759,-0.020858,0.007054,0.020809,0.999759,0.999951,-0.007041,-0.006909,1,0.648207,0.325902,-1.543976,1,0.025005,0.999687,0.000002,0.000019,-0.000002,1.000000,0.999687,-0.025005,-0.000019,1,0.636693,0.781948,-1.550313,1,0.123200,0.969748,-0.210737,0.091451,0.200356,0.975446,0.988159,-0.139447,-0.064000,1,0.181091,0.238297,-1.592323,1,0.204681,0.902991,-0.377774,0.180569,0.344488,0.921261,0.962029,-0.256779,-0.092542,1,-0.100259,0.602003,-1.637748,1,0.783508,0.495316,-1.610742,1,0.424452,0.428922,-1.321291,1,0.675262,1.222682,-1.533888,1,0.724912,1.133694,-1.384016,1
22,0.035213,-0.987445,-0.153989,0.091313,-0.150261,0.984420,-0.995199,-0.048726,0.084876,1,-0.638230,-0.639638,1.549487,1,0.035213,-0.987445,-0.153989,0.091313,-0.150261,0.984420,-0.995199,-0.048726,0.084876,1,-0.638224,-0.402465,1.549488,1,0.037481,-0.990289,-0.133874,0.130910,-0.127948,0.983103,-0.990685,-0.054373,0.124843,1,-0.646947,-0.210897,1.532136,1,-0.000004,-0.000001,-1.000000,-0.000004,1.000000,-0.000001,1.000000,0.000004,-0.000004,1,0.143071,0.787785,-1.607794,1,-0.000004,0.000018,-1.000000,-0.000004,1.000000,0.000018,1.000000,0.000004,-0.000004,1,-0.176062,0.787789,-1.607794,1,0.486482,-0.034216,0.873020,0.123733,-0.986463,-0.107612,0.864885,0.160373,-0.475663,1,-0.953995,-0.611750,-1.220889,1,0.308825,-0.005758,0.951101,0.144134,-0.988149,-0.052783,0.940134,0.153387,-0.304335,1,-0.329250,-0.635014,-1.310713,1,0.004429,0.999901,-0.013344,0.004499,0.013324,0.999901,0.999980,-0.004488,-0.004440,1,0.653687,0.325722,-1.544121,1,0.020254,0.999795,0.000001,0.000016,-0.000002,1.000000,0.999795,-0.020254,-0.000016,1,0.639731,0.782870,-1.550952,1,0.081265,0.987568,-0.134556,0.055716,0.130290,0.989909,0.995134,-0.087942,-0.044436,1,0.274661,0.265422,-1.578754,1,0.172067,0.935953,-0.307221,0.141075,0.285245,0.948015,0.974931,-0.206464,-0.082958,1,-0.017914,0.642522,-1.636981,1,0.787780,0.495224,-1.607794,1,0.426437,0.434152,-1.323207,1,0.671016,1.223599,-1.537659,1,0.630202,1.168219,-1.446211,1
23,0.077258,-0.985514,-0.150974,0.056672,-0.146841,0.987535,-0.995399,-0.084851,0.044506,1,-0.714636,-0.582684,1.529286,1,0.077258,-0.985514,-0.150974,0.056672,-0.146841,0.987535,-0.995399,-0.084851,0.044506,1,-0.714633,-0.346268,1.529286,1,0.078550,-0.987739,-0.134912,0.102147,-0.126643,0.986675,-0.991663,-0.091284,0.090947,1,-0.720752,-0.165115,1.511588,1,-0.000004,-0.000001,-1.000000,-0.000004,1.000000,-0.000001,1.000000,0.000004,-0.000004,1,0.142492,0.797488,-1.610765,1,-0.000004,0.000018,-1.000000,-0.000004,1.000000,0.000018,1.000000,0.000004,-0.000004,1,-0.176641,0.797491,-1.610765,1,0.455167,-0.046243,0.889204,0.164278,-0.977145,-0.134907,0.875120,0.207482,-0.437168,1,-0.910183,-0.677445,-1.208779,1,0.296956,-0.007986,0.954858,0.187776,-0.979952,-0.066593,0.936246,0.199075,-0.289503,1,-0.310626,-0.703854,-1.281604,1,0.002273,0.999974,-0.006830,0.002298,0.006825,0.999974,0.999995,-0.002289,-0.002283,1,0.659811,0.326329,-1.552570,1,0.014765,0.999891,0.000001,0.000013,-0.000001,1.000000,0.999891,-0.014765,-0.000013,1,0.645762,0.784445,-1.558971,1,0.042585,0.996736,-0.068590,0.027208,0.067470,0.997350,0.998722,-0.044339,-0.024246,1,0.359264,0.281297,-1.560948,1,0.130341,0.965772,-0.224266,0.098113,0.212521,0.972218,0.986603,-0.148723,-0.067054,1,0.093774,0.682729,-1.624479,1,0.797482,0.495803,-1.610765,1,0.431359,0.436195,-1.326669,1,0.668713,1.225169,-1.549253,1,0.570923,1.180120,-1.480272,1
24,0.086329,-0.983022,-0.161913,0.011180,-0.161553,0.986801,-0.996204,-0.087000,-0.002957,1,-0.733078,-0.523559,1.530099,1,0.086329,-0.983022,-0.161913,0.011180,-0.161553,0.986801,-0.996204,-0.087000,-0.002957,1,-0.733075,-0.287248,1.530100,1,0.087106,-0.986127,-0.141298,0.063383,-0.136064,0.988670,-0.994181,-0.095075,0.050652,1,-0.739767,-0.113438,1.512688,1,-0.000004,-0.000001,-1.000000,-0.000004,1.000000,-0.000001,1.000000,0.000004,-0.000004,1,0.144665,0.805775,-1.605961,1,-0.000004,0.000018,-1.000000,-0.000004,1.000000,0.000018,1.000000,0.000004,-0.000004,1,-0.174467,0.805779,-1.605961,1,0.435173,-0.049129,0.899006,0.173027,-0.975335,-0.137055,0.883565,0.215195,-0.415938,1,-0.882693,-0.696713,-1.212066,1,0.283152,-0.018958,0.958888,0.192969,-0.978232,-0.076323,0.939461,0.206647,-0.273330,1,-0.294141,-0.718954,-1.277971,1,0.000931,0.999996,-0.002797,0.000942,0.002796,0.999996,0.999999,-0.000933,-0.000939,1,0.675437,0.323382,-1.570840,1,0.009686,0.999953,0.000001,0.000009,-0.000001,1.000000,0.999953,-0.009686,-0.000009,1,0.663855,0.782067,-1.575985,1,0.017670,0.999452,-0.027987,0.010799,0.027799,0.999555,0.999786,-0.017965,-0.010302,1,0.423032,0.287470,-1.561484,1,0.088239,0.985213,-0.146865,0.061286,0.141791,0.987998,0.994212,-0.096181,-0.047869,1,0.218027,0.713641,-1.617951,1,0.805770,0.493630,-1.605961,1,0.438520,0.439596,-1.328881,1,0.679094,1.222787,-1.569471,1,0.534101,1.185919,-1.518605,1
25,0.131127,-0.978984,-0.156194,-0.011577,-0.159056,0.987202,-0.991298,-0.127640,-0.032191,1,-0.810600,-0.485199,1.497547,1,0.131127,-0.978984,-0.156194,-0.011577,-0.159056,0.987202,-0.991298,-0.127640,-0.032191,1,-0.810598,-0.249736,1.497548,1,0.131385,-0.981807,-0.137085,0.038306,-0.133152,0.990355,-0.990591,-0.135369,0.020115,1,-0.816033,-0.071830,1.482669,1,-0.000004,-0.000001,-1.000000,-0.000004,1.000000,-0.000001,1.000000,0.000004,-0.000004,1,0.144251,0.813234,-1.610805,1,-0.000004,0.000018,-1.000000,-0.000004,1.000000,0.000018,1.000000,0.000004,-0.000004,1,-0.174882,0.813237,-1.610805,1,0.413335,-0.064397,0.908299,0.203002,-0.965875,-0.160859,0.887662,0.250875,-0.386157,1,-0.851630,-0.741786,-1.196886,1,0.270628,-0.023151,0.962406,0.225855,-0.970282,-0.086850,0.935815,0.240868,-0.257357,1,-0.274848,-0.767001,-1.253726,1,0.000475,0.999999,-0.001432,0.000484,0.001432,0.999999,1.000000,-0.000476,-0.000483,1,0.685726,0.324679,-1.584519,1,0.007060,0.999975,0.000001,0.000008,-0.000001,1.000000,0.999975,-0.007060,-0.000008,1,0.676403,0.783567,-1.588635,1,0.009084,0.999856,-0.014308,0.005470,0.014259,0.999883,0.999944,-0.009161,-0.005339,1,0.450558,0.292171,-1.560647,1,0.065279,0.992132,-0.106834,0.043460,0.104134,0.993613,0.996920,-0.069505,-0.036320,1,0.289969,0.730330,-1.607978,1,0.813228,0.494044,-1.610805,1,0.440928,0.443385,-1.331268,1,0.687607,1.224284,-1.583813,1,0.521401,1.190978,-1.533207,1
26,0.208776,-0.966719,-0.147873,-0.007463,-0.152776,0.988233,-0.977935,-0.205216,-0.039111,1,-0.934889,-0.488739,1.428942,1,0.208776,-0.966719,-0.147873,-0.007463,-0.152776,0.988233,-0.977935,-0.205216,-0.039111,1,-0.934888,-0.253986,1.428942,1,0.208992,-0.968522,-0.135228,0.041264,-0.129425,0.990730,-0.977046,-0.212635,0.012917,1,-0.938534,-0.075739,1.413938,1,-0.000004,-0.000001,-1.000000,-0.000004,1.000000,-0.000001,1.000000,0.000004,-0.000004,1,0.145087,0.818054,-1.627100,1,-0.000004,0.000018,-1.000000,-0.000004,1.000000,0.000018,1.000000,0.000004,-0.000004,1,-0.174045,0.818058,-1.627100,1,0.389497,-0.078045,0.917715,0.264553,-0.944934,-0.192642,0.882215,0.317818,-0.347402,1,-0.819286,-0.828326,-1.151703,1,0.268809,-0.042282,0.962265,0.286228,-0.950399,-0.121719,0.919682,0.308147,-0.243373,1,-0.279241,-0.852616,-1.196135,1,0.000242,1.000000,-0.000733,0.000249,0.000733,1.000000,1.000000,-0.000242,-0.000249,1,0.693768,0.324038,-1.594242,1,0.005146,0.999987,0.000000,0.000007,-0.000000,1.000000,0.999987,-0.005146,-0.000007,1,0.686516,0.783034,-1.597438,1,0.004659,0.999962,-0.007320,0.002786,0.007307,0.999969,0.999985,-0.004679,-0.002752,1,0.470122,0.293105,-1.550656,1,0.048071,0.995816,-0.077720,0.031019,0.076284,0.996603,0.998362,-0.050318,-0.027222,1,0.347976,0.739338,-1.588609,1,0.818049,0.493208,-1.627100,1,0.439554,0.444757,-1.330174,1,0.694733,1.223749,-1.593878,1,0.516481,1.192234,-1.532679,1
27,0.251024,-0.960358,-0.121239,-0.024841,-0.131600,0.990992,-0.967662,-0.245751,-0.056891,1,-1.006588,-0.444946,1.386408,1,0.251024,-0.960358,-0.121239,-0.024841,-0.131600,0.990992,-0.967662,-0.245751,-0.056891,1,-1.006587,-0.210056,1.386408,1,0.251044,-0.961981,-0.107566,0.027689,-0.103942,0.994198,-0.967580,-0.252566,0.000542,1,-1.009934,-0.034980,1.372347,1,-0.000004,-0.000001,-1.000000,-0.000004,1.000000,-0.000001,1.000000,0.000004,-0.000004,1,0.146266,0.821196,-1.632760,1,-0.000004,0.000018,-1.000000,-0.000004,1.000000,0.000018,1.000000,0.000004,-0.000004,1,-0.172866,0.821200,-1.632760,1,0.379261,-0.088387,0.921059,0.288731,-0.934419,-0.208558,0.879088,0.345036,-0.328868,1,-0.798267,-0.862024,-1.130331,1,0.273034,-0.034494,0.961386,0.315108,-0.941018,-0.123255,0.908933,0.336593,-0.246061,1,-0.274247,-0.891014,-1.165399,1,0.085166,0.994484,-0.061223,0.161522,0.046854,0.985756,0.983187,-0.093842,-0.156640,1,0.549789,0.095763,-1.694316,1,0.114979,0.991164,0.066127,0.127262,-0.080718,0.988579,0.985182,-0.105250,-0.135419,1,0.600934,0.516125,-1.689190,1,0.239610,0.761651,-0.602059,0.075757,0.603566,0.793706,0.967909,-0.235790,0.086920,1,-0.174482,0.422497,-1.589030,1,0.239610,0.761650,-0.602060,0.075757,0.603566,0.793706,0.967909,-0.235790,0.086920,1,-0.174483,0.880806,-1.589030,1,0.821191,0.492029,-1.632760,1,0.444240,0.451209,-1.324519,1,0.696184,1.214387,-1.473298,1,1.038940,1.015202,-1.479789,1
